aX,aY,aZ,gX,gY,gZ
0.157,0.534,-2.022,19.409,-348.389,-60.425
-0.168,0.814,-1.981,-51.453,-432.800,-54.504
-0.470,1.097,-1.394,-113.831,-520.386,-57.129
-0.718,1.235,-0.525,-170.166,-577.515,-73.425
-0.936,1.463,0.054,-238.831,-589.111,-93.811
-1.052,1.473,0.468,-318.481,-574.463,-117.249
-1.253,1.241,0.708,-386.719,-547.180,-134.338
-1.297,1.049,1.027,-402.405,-532.471,-125.671
-1.156,0.944,1.545,-353.210,-517.700,-104.248
-1.170,0.810,2.136,-261.353,-493.713,-83.313
-1.003,0.704,2.766,-156.677,-472.717,-59.875
-0.785,0.640,3.222,-83.618,-439.758,-50.415
-0.619,0.541,3.421,-51.453,-384.094,-52.185
-0.466,0.581,3.377,-38.269,-319.641,-56.824
-0.437,0.618,3.303,-17.151,-262.573,-67.749
-0.462,0.562,3.290,13.977,-214.722,-84.167
-0.521,0.444,3.202,35.095,-166.992,-98.389
-0.574,0.257,3.100,44.922,-118.530,-108.826
-0.581,0.050,3.012,54.260,-71.411,-110.596
-0.588,-0.094,2.924,72.144,-27.710,-104.004
-0.568,-0.160,2.858,97.229,10.742,-94.238
-0.546,-0.144,2.730,116.028,48.889,-83.191
-0.476,-0.093,2.629,133.240,85.510,-73.730
-0.442,-0.074,2.528,147.766,123.779,-68.115
-0.467,-0.147,2.444,164.673,163.635,-66.223
-0.564,-0.253,2.382,179.077,201.355,-59.998
-0.598,-0.267,2.379,192.261,240.234,-45.105
-0.549,-0.322,2.090,218.323,290.222,-22.949
-0.604,-0.398,1.848,232.910,311.584,-20.691
-0.633,-0.412,1.667,225.220,322.937,-14.282
-0.671,-0.404,1.484,224.365,333.496,-5.249
-0.703,-0.339,1.347,225.708,342.529,6.348
-0.716,-0.271,1.186,224.792,354.065,16.602
-0.780,-0.244,0.968,217.041,364.929,20.996
-0.881,-0.335,0.702,203.430,369.995,22.461
-1.045,-0.492,0.354,184.631,370.239,25.757
-1.170,-0.657,-0.071,170.349,354.675,37.598
-1.287,-0.843,-0.657,168.091,315.552,55.786
-1.339,-0.967,-1.518,167.236,253.113,75.989
-1.214,-0.932,-2.437,164.307,158.325,100.952
-0.929,-0.738,-2.856,176.514,26.611,117.737
-1.025,-0.664,-3.122,177.795,-104.797,131.409
-1.097,-0.404,-2.582,147.888,-229.614,143.494
-1.179,-0.372,-1.843,116.760,-337.830,151.306
-1.339,-0.382,-1.326,45.349,-397.766,161.865
-1.371,-0.362,-1.070,-53.162,-413.147,175.110
-1.385,-0.342,-0.811,-140.381,-419.495,189.941
-1.495,-0.425,-0.524,-174.866,-429.199,213.562
-1.448,-0.404,-0.270,-167.664,-434.448,241.699
-1.340,-0.087,0.043,-177.490,-437.012,269.775
-1.288,0.279,0.513,-182.861,-441.284,277.954
-1.109,0.705,1.258,-177.673,-427.185,263.733
-0.813,1.003,2.036,-169.189,-396.362,259.644
-0.836,1.052,2.674,-156.555,-350.220,244.446
-0.752,1.103,3.108,-145.752,-290.222,222.717
-0.559,1.199,3.205,-143.188,-214.966,191.711
-0.496,1.167,3.100,-125.427,-146.545,161.743
-0.409,1.091,2.845,-93.994,-89.539,134.338
-0.330,0.940,2.707,-60.303,-46.692,108.459
-0.285,0.820,2.500,-45.959,-3.052,91.492
-0.214,0.814,2.179,-54.199,39.185,82.397
-0.101,0.828,1.905,-59.753,67.322,72.205
-0.015,0.769,1.693,-59.753,84.900,57.068
0.047,0.680,1.540,-63.049,96.191,43.457
0.087,0.605,1.447,-69.641,102.600,34.363
0.147,0.567,1.359,-72.632,106.689,32.288
0.216,0.519,1.255,-67.078,108.032,31.921
0.274,0.493,1.130,-63.110,105.164,29.419
0.292,0.454,0.998,-61.707,96.313,25.024
0.311,0.468,0.959,-57.251,81.604,20.325
0.329,0.455,0.997,-42.542,66.101,15.381
0.331,0.450,1.079,-26.367,53.528,11.108
0.328,0.457,1.146,-13.855,46.265,7.629
0.291,0.419,1.183,-6.104,43.945,1.709
0.254,0.383,1.204,-4.028,44.250,-3.357
0.217,0.344,1.223,-3.906,45.288,-6.409
0.157,0.264,1.240,-3.174,47.607,-9.644
0.109,0.191,1.235,-4.517,51.758,-10.864
0.066,0.144,1.174,-7.507,57.068,-10.132
0.029,0.130,1.072,-8.545,59.814,-8.179
0.017,0.126,0.987,-2.686,58.044,-5.310
0.015,0.130,0.912,3.357,54.138,-2.686
0.046,0.170,0.872,3.662,49.194,0.122
0.069,0.193,0.867,3.540,43.518,2.136
0.095,0.211,0.865,2.258,40.100,1.526
0.115,0.213,0.859,0.122,38.513,-0.183
0.116,0.187,0.844,-3.235,37.476,-2.686
0.124,0.153,0.828,-7.507,36.926,-4.700
0.130,0.121,0.818,-9.583,35.339,-5.737
0.122,0.094,0.815,-9.033,32.410,-5.615
0.112,0.055,0.818,-5.615,29.053,-4.089
0.125,0.054,0.818,-2.441,25.513,-1.648
0.143,0.086,0.814,0.854,22.095,1.953
0.159,0.105,0.816,5.371,18.860,4.578
0.175,0.117,0.824,7.385,16.113,5.615
0.193,0.132,0.813,6.531,14.465,5.859
0.201,0.143,0.812,5.859,12.817,4.944
0.218,0.162,0.826,5.493,10.132,3.601
0.228,0.159,0.856,5.554,7.141,2.014
0.228,0.143,0.877,3.418,4.822,-0.366
0.229,0.135,0.882,0.427,3.296,-2.014
0.231,0.128,0.894,-0.488,1.404,-2.869
0.241,0.120,0.927,1.038,-0.732,-2.991
0.227,0.096,0.953,1.892,-2.136,-3.601
0.219,0.079,0.958,1.282,-1.831,-3.479
0.218,0.073,0.962,0.671,-1.831,-2.747
0.229,0.078,0.965,2.686,-2.197,-1.282
0.234,0.091,0.976,5.188,-2.930,-0.183
0.235,0.115,0.979,6.104,-3.235,-0.305
0.226,0.126,0.983,6.531,-2.747,-0.732
0.211,0.116,0.982,5.676,-2.075,-1.526
0.196,0.097,0.970,2.441,-0.977,-2.197
0.178,0.067,0.967,0.610,-0.244,-2.625
0.162,0.051,0.963,-0.061,-0.488,-1.099
0.162,0.068,0.960,1.282,-1.221,1.465
0.171,0.107,0.972,4.456,-2.319,4.456
0.170,0.146,0.990,7.080,-3.418,5.920
0.186,0.188,1.001,7.874,-3.174,5.127
0.192,0.223,1.001,7.812,-2.258,4.089

0.479,1.399,-1.725,86.792,-115.234,-3.723
0.536,1.739,-2.011,71.777,-188.599,-39.307
0.352,1.978,-1.944,40.344,-263.428,-87.952
0.155,2.162,-1.332,-11.963,-328.369,-147.705
-0.257,1.943,-0.641,-70.251,-365.967,-216.309
-0.661,1.719,-0.099,-140.259,-382.751,-277.344
-0.927,1.433,0.323,-197.327,-391.418,-333.069
-1.638,0.510,0.542,-219.482,-401.184,-375.549
-1.815,0.566,0.967,-227.783,-412.781,-344.055
-1.963,0.119,1.703,-180.603,-427.856,-328.552
-2.239,-0.625,2.211,-152.039,-409.119,-342.651
-2.247,-0.963,2.745,-136.414,-387.512,-301.147
-2.080,-1.107,3.246,-89.294,-365.234,-232.727
-1.913,-1.057,3.432,-55.603,-324.036,-171.204
-1.725,-0.806,3.775,-9.338,-295.349,-125.183
-1.684,-0.939,3.880,51.208,-249.695,-121.521
-1.729,-0.995,3.718,58.594,-170.288,-125.305
-1.653,-0.968,3.569,51.270,-100.159,-102.112
-1.559,-0.978,3.421,61.951,-40.222,-81.665
-1.535,-1.134,3.338,72.937,12.024,-74.341
-1.493,-1.232,3.235,83.557,67.078,-61.890
-1.399,-1.217,3.031,96.558,120.605,-39.307
-1.276,-1.165,2.795,113.831,165.466,-18.188
-1.148,-1.059,2.568,130.737,202.759,-1.343
-1.043,-0.924,2.396,146.179,234.680,15.869
-0.953,-0.779,2.172,161.133,265.686,30.640
-0.890,-0.644,1.934,166.260,295.898,42.908
-0.817,-0.510,1.762,168.396,320.801,52.917
-0.757,-0.399,1.599,172.363,340.088,59.998
-0.761,-0.382,1.381,171.265,357.849,61.951
-0.781,-0.358,1.138,160.339,374.512,62.683
-0.805,-0.308,0.917,151.917,385.193,63.538
-0.825,-0.268,0.688,152.527,389.038,61.035
-0.871,-0.299,0.475,159.180,383.118,55.176
-0.895,-0.339,0.278,167.175,368.469,53.223
-0.891,-0.370,0.139,179.016,344.849,57.495
-0.828,-0.367,0.008,191.101,316.833,65.735
-0.806,-0.394,-0.108,197.510,287.048,72.021
-0.698,-0.382,-0.243,195.435,258.606,80.139
-0.723,-0.425,-0.392,185.852,229.614,89.417
-0.751,-0.508,-0.695,166.992,201.233,103.088
-0.732,-0.560,-1.034,145.691,165.527,121.399
-0.592,-0.498,-1.321,118.347,123.230,142.883
-0.479,-0.480,-1.497,89.722,73.181,160.645
-0.386,-0.445,-1.479,63.599,14.954,169.373
-0.304,-0.409,-1.362,37.415,-39.917,166.504
-0.246,-0.305,-1.181,13.977,-87.524,158.569
-0.233,-0.231,-1.023,-2.075,-126.587,145.874
-0.250,-0.177,-0.982,-18.494,-161.560,130.432
-0.357,-0.190,-0.982,-30.334,-197.327,117.371
-0.410,-0.193,-0.890,-27.222,-239.563,108.032
-0.428,-0.135,-0.765,-30.457,-278.809,103.882
-0.523,-0.102,-0.615,-47.729,-315.918,98.022
-0.578,-0.070,-0.456,-64.209,-345.154,92.590
-0.681,-0.068,-0.388,-80.017,-364.502,90.576
-0.759,0.010,-0.317,-105.713,-387.146,95.276
-0.695,0.212,0.030,-126.099,-409.668,100.769
-0.772,0.308,0.430,-137.939,-421.631,97.778
-0.771,0.406,0.891,-152.466,-422.485,87.463
-0.755,0.434,1.362,-166.931,-408.630,77.332
-0.731,0.425,1.819,-175.415,-380.432,69.580
-0.653,0.428,2.248,-170.959,-346.924,67.139
-0.518,0.427,2.577,-152.771,-308.899,65.002
-0.530,0.357,2.697,-142.395,-264.587,56.763
-0.501,0.299,2.681,-143.799,-219.177,53.223
-0.481,0.347,2.487,-150.452,-169.617,58.350
-0.468,0.431,2.183,-148.437,-128.296,67.932
-0.420,0.515,1.959,-125.488,-103.271,71.594
-0.399,0.522,1.808,-106.079,-84.839,64.453
-0.376,0.491,1.683,-93.811,-67.017,51.636
-0.316,0.454,1.640,-79.834,-53.467,41.626
-0.261,0.377,1.629,-64.758,-42.419,33.936
-0.233,0.330,1.641,-61.890,-31.494,28.137
-0.197,0.306,1.670,-61.829,-20.691,26.367
-0.162,0.285,1.677,-58.289,-8.728,26.733
-0.131,0.285,1.654,-54.382,3.235,27.405
-0.113,0.290,1.585,-48.401,15.625,27.283
-0.135,0.302,1.428,-42.786,26.062,25.085
-0.153,0.243,1.269,-38.879,31.738,21.362
-0.128,0.206,1.172,-36.194,31.616,21.057
-0.110,0.198,1.086,-34.729,28.992,23.254
-0.068,0.237,1.046,-31.921,24.353,25.330
-0.024,0.282,1.053,-26.733,18.311,25.208
-0.001,0.307,1.087,-21.240,13.000,22.095
0.000,0.316,1.132,-18.494,10.620,17.273
-0.010,0.288,1.164,-15.747,10.986,11.963
-0.042,0.238,1.170,-13.245,13.367,7.202
-0.070,0.187,1.154,-11.475,16.724,4.211
-0.092,0.145,1.130,-9.338,20.447,2.808
-0.124,0.098,1.070,-6.531,22.644,2.075
-0.140,0.067,1.012,-2.991,22.217,2.197
-0.146,0.055,0.973,0.244,20.020,3.601
-0.158,0.055,0.937,2.258,17.517,5.066
-0.155,0.072,0.922,2.197,13.855,6.592
-0.160,0.094,0.937,1.282,10.071,7.874
-0.155,0.124,0.962,0.854,7.996,7.629
-0.145,0.157,0.990,0.427,7.080,6.287
-0.148,0.170,1.000,0.122,8.118,3.357
-0.156,0.162,0.989,-1.709,10.620,-0.671
-0.166,0.135,0.969,-4.089,12.939,-3.967
-0.171,0.103,0.948,-5.188,14.465,-6.287
-0.173,0.065,0.935,-5.005,14.282,-7.568
-0.176,0.030,0.929,-3.357,12.634,-7.080
-0.178,0.013,0.932,-1.343,9.949,-5.127
-0.163,0.018,0.939,0.732,7.874,-2.686
-0.147,0.037,0.950,2.502,6.531,0.061
-0.129,0.069,0.948,3.357,5.859,1.892
-0.115,0.097,0.938,3.784,5.249,2.075
-0.109,0.100,0.946,3.479,4.211,0.427
-0.108,0.089,0.954,1.526,3.662,-2.014
-0.111,0.083,0.960,-0.977,3.296,-3.662
-0.112,0.069,0.984,-1.831,2.441,-5.371
-0.123,0.048,1.008,-2.258,2.075,-6.653
-0.136,0.026,1.021,-2.808,2.686,-7.446
-0.145,0.003,1.031,-2.197,3.357,-6.775
-0.149,-0.002,1.038,-0.793,4.028,-4.822
-0.151,0.000,1.023,0.793,4.883,-2.869
-0.152,0.006,1.010,2.380,5.493,-0.488
-0.147,0.024,1.002,3.906,5.798,2.075

0.240,1.137,-1.359,-2.869,-217.163,-92.163
0.133,1.390,-0.965,-32.410,-271.729,-119.629
-0.002,1.486,-0.509,-73.730,-306.763,-156.372
-0.223,1.491,-0.170,-125.916,-323.242,-197.327
-0.536,1.312,0.113,-169.189,-337.891,-239.136
-0.873,0.805,0.523,-188.660,-352.112,-275.269
-1.096,0.542,0.871,-193.481,-359.436,-291.260
-1.425,-0.333,1.020,-187.317,-366.089,-303.589
-1.592,-0.191,1.610,-149.597,-373.413,-257.385
-1.385,-0.539,2.216,-21.545,-387.878,-212.769
-1.482,-0.647,1.910,-17.517,-330.017,-228.577
-1.546,-0.510,2.170,-40.161,-319.824,-202.026
-1.533,-0.513,2.558,-8.911,-308.716,-170.898
-1.569,-0.487,2.568,-33.264,-264.221,-168.457
-1.781,-0.663,2.702,-48.889,-227.417,-174.988
-1.845,-0.956,2.751,-29.785,-190.857,-172.852
-2.016,-1.354,3.033,-13.367,-173.645,-168.152
-2.047,-1.816,3.510,34.912,-153.503,-153.931
-1.963,-2.000,3.797,74.829,-101.379,-123.901
-1.797,-1.852,3.839,89.050,-32.043,-78.613
-1.564,-1.521,3.818,95.459,33.386,-31.189
-1.442,-1.213,3.688,109.253,98.450,-2.441
-1.435,-1.026,3.298,117.920,168.213,10.376
-1.384,-0.905,2.845,113.770,228.516,22.949
-1.326,-0.910,2.481,121.399,273.560,33.691
-1.283,-0.900,2.158,132.629,309.326,46.753
-1.199,-0.785,1.993,142.822,332.153,62.378
-1.119,-0.601,1.955,160.095,352.356,73.853
-1.112,-0.385,1.890,179.871,376.099,77.393
-1.175,-0.234,1.721,193.604,402.161,74.829
-1.251,-0.188,1.509,201.721,426.453,71.167
-1.361,-0.242,1.265,207.031,447.510,68.787
-1.456,-0.345,0.949,205.505,465.393,71.533
-1.528,-0.435,0.605,204.834,472.900,78.308
-1.617,-0.539,0.214,206.665,466.125,88.013
-1.647,-0.565,-0.183,213.806,441.467,101.440
-1.512,-0.415,-0.582,225.830,400.085,122.803
-1.413,-0.280,-1.218,229.919,349.915,142.029
-1.103,-0.083,-1.907,215.820,287.903,150.940
-0.926,-0.113,-2.647,192.932,202.698,145.264
-0.812,-0.240,-3.274,161.926,98.206,134.155
-0.768,-0.318,-3.574,102.966,-23.682,130.920
-0.703,-0.126,-2.982,43.152,-155.151,140.930
-0.718,-0.112,-2.151,14.587,-255.249,145.874
-0.789,-0.019,-1.677,-51.270,-307.068,143.494
-0.869,0.011,-1.552,-110.840,-337.891,137.329
-0.969,-0.100,-1.471,-119.629,-376.648,129.578
-1.133,-0.101,-1.231,-111.328,-422.302,127.625
-1.214,-0.037,-0.902,-102.844,-464.355,122.253
-1.279,0.034,-0.544,-93.140,-488.953,114.624
-1.184,0.174,-0.158,-108.704,-494.019,107.361
-1.116,0.260,0.119,-130.188,-486.389,106.750
-1.075,0.322,0.319,-134.216,-477.722,104.736
-0.990,0.475,0.751,-130.676,-474.243,101.746
-0.964,0.556,1.362,-109.436,-467.834,91.064
-0.911,0.609,2.013,-80.566,-446.167,74.463
-0.874,0.553,2.494,-76.355,-398.987,57.678
-0.831,0.390,2.628,-88.196,-331.116,45.471
-0.814,0.217,2.404,-98.694,-263.245,41.870
-0.740,0.264,1.986,-93.750,-212.463,47.180
-0.809,0.243,1.633,-64.758,-192.017,37.231
-0.894,0.273,1.542,-45.227,-189.880,20.874
-0.886,0.368,1.649,-42.664,-184.082,14.160
-0.841,0.428,1.874,-52.185,-170.166,7.874
-0.825,0.275,2.046,-72.083,-145.569,-10.803
-0.875,-0.027,2.131,-106.689,-115.479,-22.461
-0.846,-0.195,2.067,-143.005,-81.116,-14.038
-0.764,-0.215,1.967,-162.903,-57.495,2.625
-0.703,-0.217,1.920,-153.992,-42.908,13.977
-0.605,-0.115,1.814,-130.676,-32.410,23.376
-0.617,0.064,1.582,-114.014,-18.372,34.424
-0.497,0.297,1.498,-87.646,-12.512,40.222
-0.478,0.308,1.382,-52.673,-9.888,24.292
-0.516,0.264,1.328,-42.664,-8.606,10.986
-0.498,0.241,1.343,-39.856,-8.484,7.446
-0.469,0.169,1.343,-34.607,-4.211,3.052
-0.450,0.050,1.349,-28.564,0.305,-1.221
-0.406,-0.018,1.336,-19.409,5.859,-0.427
-0.372,-0.050,1.297,-11.963,13.184,3.113
-0.364,-0.042,1.226,-8.728,20.691,6.409
-0.362,-0.026,1.130,-6.042,25.146,8.423
-0.355,0.001,1.049,-3.357,25.269,9.338
-0.349,0.018,1.007,-1.099,23.376,8.606
-0.348,0.023,0.993,-0.977,20.996,7.202
-0.340,0.016,0.977,-3.601,19.287,5.127
-0.336,0.001,0.988,-6.592,17.944,3.357
-0.329,-0.004,0.981,-9.644,17.517,2.014
-0.346,-0.069,0.978,-10.742,17.822,0.244
-0.353,-0.115,0.955,-12.085,18.616,0.122
-0.365,-0.131,0.930,-14.771,18.982,2.258
-0.361,-0.115,0.928,-15.259,17.578,5.554
-0.349,-0.072,0.938,-11.475,15.747,9.338
-0.335,-0.020,0.948,-6.287,15.259,11.414
-0.334,0.013,0.922,-3.235,15.442,10.803
-0.341,0.038,0.877,-0.732,15.381,8.667
-0.345,0.052,0.850,2.014,14.160,5.798
-0.360,0.058,0.830,1.953,13.184,1.343
-0.395,0.022,0.806,0.488,12.146,-3.113
-0.409,-0.018,0.804,-1.404,9.949,-6.165
-0.410,-0.056,0.828,-3.113,7.324,-7.874
-0.432,-0.095,0.841,-5.493,5.737,-8.606
-0.445,-0.120,0.844,-7.202,3.723,-7.385
-0.434,-0.128,0.884,-7.202,0.977,-4.639
-0.422,-0.120,0.935,-5.615,-0.488,-1.892
-0.405,-0.080,0.958,-5.432,0.427,0.671
-0.389,-0.037,0.949,-5.066,2.197,1.709
-0.383,-0.027,0.938,-4.883,3.662,0.244
-0.386,-0.032,0.917,-5.310,5.005,-2.136
-0.384,-0.047,0.898,-6.287,5.676,-3.845
-0.395,-0.081,0.890,-7.751,5.554,-5.859
-0.411,-0.118,0.880,-9.583,5.127,-6.775
-0.405,-0.125,0.886,-9.094,3.845,-6.165
-0.402,-0.120,0.911,-4.822,1.709,-4.456
-0.398,-0.099,0.932,-2.014,0.916,-3.296
-0.392,-0.073,0.945,-1.648,1.343,-2.869
-0.389,-0.049,0.950,-1.526,2.258,-2.502
-0.389,-0.042,0.956,-1.404,3.723,-3.113
-0.386,-0.034,0.965,-2.686,5.249,-4.211
-0.392,-0.035,0.970,-3.967,6.470,-5.676

0.772,1.908,-3.094,91.064,41.748,24.658
0.700,1.951,-3.389,95.703,-59.387,-49.316
0.399,1.996,-3.163,44.312,-182.617,-106.445
0.106,2.132,-2.634,-59.875,-285.889,-161.743
-0.408,2.068,-1.979,-163.086,-370.239,-236.206
-1.040,1.768,-1.623,-261.902,-441.101,-298.279
-1.693,1.405,-0.966,-334.351,-510.559,-310.791
-2.203,0.786,-0.210,-313.599,-570.557,-326.477
-3.651,-0.701,0.588,-244.263,-632.385,-330.811
-3.390,0.030,1.854,-173.340,-658.081,-250.244
-3.244,-0.481,3.471,-14.160,-659.729,-218.811
-2.977,-0.858,4.000,25.818,-575.745,-267.700
-2.778,-0.905,4.000,-2.136,-485.352,-268.677
-2.691,-1.411,4.000,47.791,-401.245,-255.981
-2.713,-1.930,4.000,34.607,-285.767,-239.807
-2.634,-2.206,4.000,14.038,-159.485,-196.838
-2.566,-2.336,3.974,32.410,-72.632,-137.817
-2.370,-2.006,3.687,67.871,-14.832,-75.256
-2.111,-1.425,3.454,111.877,40.588,-25.696
-1.902,-0.978,3.265,137.329,98.572,-4.761
-1.794,-0.764,3.155,134.216,154.907,-0.427
-1.668,-0.703,3.001,127.808,214.355,-3.601
-1.594,-0.818,2.809,126.343,273.804,-7.507
-1.546,-0.948,2.680,132.080,330.200,-2.380
-1.484,-1.001,2.575,149.597,377.686,14.771
-1.464,-0.938,2.393,164.917,419.434,37.903
-1.494,-0.785,2.080,181.702,457.397,62.256
-1.475,-0.556,1.771,206.421,484.680,81.848
-1.482,-0.344,1.515,230.469,502.686,93.201
-1.538,-0.165,1.223,242.798,518.616,97.717
-1.591,-0.034,0.936,249.939,530.823,97.351
-1.604,-0.029,0.564,260.498,537.903,94.727
-1.566,-0.114,0.218,265.381,531.921,94.421
-1.531,-0.172,-0.008,267.212,508.911,99.548
-1.491,-0.339,-0.337,263.916,477.478,105.408
-1.485,-0.474,-0.961,249.817,439.697,115.662
-1.320,-0.411,-1.940,222.351,377.747,122.864
-0.925,-0.236,-2.823,190.918,287.354,124.023
-0.625,-0.311,-3.325,193.848,175.232,110.046
-0.620,-0.495,-3.632,178.467,47.729,95.276
-0.660,-0.470,-3.195,135.498,-95.886,98.083
-0.882,-0.551,-2.561,109.619,-210.083,107.605
-1.020,-0.383,-2.273,35.400,-280.640,120.911
-1.041,-0.159,-2.078,-53.894,-332.092,138.672
-1.137,-0.002,-1.947,-117.249,-382.568,144.043
-1.327,0.030,-1.695,-134.521,-439.636,135.010
-1.343,0.152,-1.252,-105.286,-490.540,127.319
-1.528,0.085,-0.832,-79.529,-523.560,111.023
-1.484,0.215,-0.407,-107.605,-537.354,97.961
-1.381,0.507,-0.054,-141.296,-531.555,93.384
-1.297,0.645,0.259,-155.518,-516.541,77.332
-1.071,0.882,0.894,-136.719,-510.681,74.890
-0.986,0.815,1.491,-102.417,-491.638,52.917
-0.894,0.646,1.905,-86.792,-455.933,22.888
-0.792,0.433,2.269,-64.392,-413.025,1.953
-0.811,0.190,2.241,-36.499,-361.633,-8.972
-0.844,0.084,2.089,-21.179,-317.749,-15.442
-0.828,-0.045,2.034,-20.203,-280.334,-15.930
-0.783,0.110,1.921,-48.767,-238.647,-6.653
-0.747,0.192,1.794,-55.542,-206.543,-8.850
-0.810,0.104,1.791,-49.438,-192.139,-29.663
-0.824,-0.021,1.818,-53.528,-177.612,-44.006
-0.657,-0.104,1.852,-62.012,-157.776,-44.983
-0.773,-0.233,1.841,-67.200,-136.292,-41.992
-0.785,-0.457,1.795,-73.425,-119.141,-43.030
-0.698,-0.376,1.781,-95.459,-109.924,-33.875
-0.654,-0.281,1.927,-119.507,-96.252,-17.456
-0.574,-0.119,2.001,-130.188,-77.820,-1.404
-0.567,-0.095,1.977,-117.371,-61.646,-0.671
-0.591,-0.120,1.876,-86.975,-49.805,-4.639
-0.542,-0.139,1.758,-56.091,-38.635,-3.601
-0.531,-0.157,1.578,-39.856,-26.917,-4.333
-0.454,-0.109,1.445,-39.001,-15.564,0.061
-0.366,-0.011,1.393,-40.649,-9.277,5.554
-0.318,-0.008,1.349,-35.156,-5.859,3.723
-0.342,-0.078,1.182,-32.227,-0.122,-3.357
-0.360,-0.125,1.061,-31.738,1.892,-7.874
-0.371,-0.183,1.055,-24.780,-1.343,-9.277
-0.395,-0.234,1.061,-20.142,-2.686,-9.766
-0.371,-0.230,1.118,-16.724,-2.502,-7.446
-0.354,-0.231,1.178,-12.268,-0.122,-4.456
-0.376,-0.299,1.127,-12.085,7.019,-3.784
-0.362,-0.319,0.964,-17.883,13.184,-4.211
-0.394,-0.330,0.892,-19.592,12.207,-2.014
-0.367,-0.337,0.913,-16.479,8.301,0.916
-0.339,-0.233,0.919,-16.541,7.385,5.432
-0.332,-0.114,0.973,-15.442,7.874,9.216
-0.333,-0.026,1.021,-11.047,9.827,9.094
-0.347,-0.008,1.039,-8.728,13.855,5.249
-0.359,-0.022,0.991,-10.803,20.264,0.977
-0.373,-0.059,0.944,-14.160,26.306,-2.197
-0.370,-0.084,0.927,-16.113,30.151,-3.418
-0.385,-0.123,0.922,-16.113,31.860,-4.761
-0.391,-0.142,0.901,-13.672,32.288,-4.578
-0.399,-0.160,0.890,-10.071,31.799,-2.502
-0.390,-0.142,0.870,-9.094,30.945,-1.526
-0.379,-0.127,0.826,-8.972,29.907,0.061
-0.376,-0.117,0.785,-10.498,26.062,0.671
-0.362,-0.116,0.765,-11.230,22.461,0.183
-0.341,-0.103,0.770,-11.597,18.982,-1.099
-0.344,-0.134,0.763,-12.207,15.503,-3.174
-0.341,-0.141,0.766,-15.198,11.658,-4.822
-0.344,-0.160,0.802,-17.395,7.690,-6.226
-0.340,-0.183,0.855,-18.677,5.188,-7.690
-0.333,-0.186,0.896,-19.592,3.479,-7.629
-0.333,-0.197,0.900,-18.250,2.869,-7.507
-0.352,-0.216,0.889,-14.648,2.136,-7.263
-0.368,-0.241,0.876,-13.245,1.282,-6.042
-0.364,-0.238,0.877,-13.977,0.305,-4.150
-0.355,-0.216,0.908,-13.123,-1.343,-2.625
-0.358,-0.197,0.933,-11.047,-2.380,-1.343
-0.390,-0.209,0.925,-9.644,-2.136,-0.244
-0.399,-0.192,0.900,-10.376,-1.282,1.770
-0.398,-0.171,0.907,-9.827,-1.526,3.723
-0.395,-0.135,0.922,-8.728,-2.014,5.371
-0.387,-0.103,0.938,-7.629,-2.197,6.348
-0.384,-0.072,0.952,-5.737,-2.258,6.348
-0.390,-0.068,0.948,-5.310,-1.038,4.639
-0.396,-0.079,0.913,-6.287,0.305,2.625

0.485,1.118,-2.729,47.485,135.742,13.794
0.819,1.391,-3.458,59.753,40.283,-12.390
0.693,1.546,-3.303,63.171,-86.975,-39.246
0.439,1.739,-2.653,39.001,-202.759,-66.101
0.283,1.849,-2.072,-21.484,-275.574,-103.088
-0.070,1.730,-1.883,-105.591,-328.308,-153.503
-0.432,1.546,-1.589,-186.096,-387.634,-203.674
-0.995,1.027,-1.097,-236.694,-446.106,-238.342
-1.535,0.603,-0.600,-280.151,-500.183,-250.916
-1.916,0.535,-0.034,-309.875,-545.166,-234.497
-1.851,0.745,0.712,-293.579,-584.351,-210.388
-2.916,0.267,1.744,-246.643,-618.652,-216.064
-2.812,0.648,2.833,-177.612,-594.177,-200.256
-2.585,0.324,3.999,3.723,-560.669,-155.212
-2.491,-0.128,4.000,74.463,-488.953,-198.242
-2.285,-0.621,4.000,48.401,-404.297,-218.262
-2.161,-0.852,4.000,40.283,-318.481,-197.266
-1.860,-0.625,4.000,22.156,-214.417,-166.321
-1.804,-0.538,3.954,20.996,-114.746,-153.015
-1.809,-0.755,3.693,49.927,-60.669,-141.235
-1.745,-0.784,3.687,92.834,-23.010,-125.793
-1.730,-0.837,3.575,146.240,24.231,-112.610
-1.719,-0.908,3.521,167.542,75.867,-99.121
-1.628,-0.976,3.414,172.058,129.700,-83.130
-1.514,-0.984,3.231,180.725,183.838,-57.617
-1.416,-0.984,3.108,196.411,233.337,-34.729
-1.425,-0.968,2.920,221.924,279.663,-13.184
-1.307,-0.899,2.693,247.009,322.937,8.911
-1.220,-0.803,2.453,269.348,362.122,28.931
-1.269,-0.760,2.146,277.588,395.874,45.654
-1.277,-0.641,1.851,273.254,422.363,60.547
-1.310,-0.503,1.549,264.038,444.824,69.946
-1.344,-0.403,1.187,253.052,462.463,74.463
-1.361,-0.248,0.797,239.746,471.069,72.937
-1.353,-0.197,0.495,232.605,464.417,70.984
-1.348,-0.160,0.322,229.370,445.862,69.641
-1.376,-0.150,0.170,212.280,427.795,67.139
-1.423,-0.204,-0.138,173.889,419.556,60.120
-1.449,-0.346,-0.701,130.005,399.353,52.185
-1.366,-0.345,-1.263,109.924,343.262,61.279
-1.197,-0.364,-1.676,116.760,266.113,70.618
-1.040,-0.407,-1.908,124.207,189.575,69.702
-0.930,-0.479,-2.198,115.051,133.667,62.561
-0.854,-0.536,-2.280,89.355,63.965,69.824
-0.906,-0.591,-2.050,53.345,-15.747,88.379
-0.877,-0.477,-1.747,13.428,-77.393,111.328
-0.826,-0.304,-1.578,-33.630,-118.530,128.723
-0.889,-0.274,-1.595,-67.200,-155.640,131.226
-0.991,-0.383,-1.552,-72.021,-208.496,123.718
-1.016,-0.507,-1.476,-44.006,-254.333,126.343
-1.147,-0.476,-1.332,-16.968,-308.044,138.367
-1.092,-0.277,-1.141,-10.681,-360.352,145.508
-1.165,-0.191,-0.949,-17.517,-399.780,143.127
-1.231,-0.145,-0.688,-37.903,-428.467,136.719
-1.168,0.033,-0.381,-65.735,-442.505,136.597
-1.160,0.118,-0.070,-97.473,-447.144,133.118
-0.984,0.264,0.246,-124.329,-450.500,132.141
-0.912,0.342,0.672,-128.418,-450.195,132.568
-0.879,0.462,1.213,-120.361,-444.153,125.671
-0.992,0.391,1.718,-113.586,-430.725,111.633
-1.065,0.217,2.169,-121.948,-403.870,98.267
-1.000,0.138,2.397,-137.390,-358.154,101.013
-0.877,0.020,2.339,-128.784,-301.941,101.868
-0.774,0.000,2.147,-127.075,-257.935,88.806
-0.757,0.071,2.197,-126.282,-236.389,82.336
-0.647,0.295,2.450,-102.661,-223.450,82.336
-0.632,0.485,2.660,-93.201,-198.486,77.087
-0.546,0.548,2.813,-102.173,-163.025,65.613
-0.591,0.403,2.859,-132.141,-116.577,45.593
-0.610,0.288,2.530,-176.270,-56.519,47.241
-0.511,0.276,2.166,-193.542,-19.653,60.425
-0.439,0.240,1.915,-197.998,-4.883,68.359
-0.367,0.280,1.682,-194.885,4.089,73.059
-0.230,0.358,1.528,-155.029,6.348,80.383
-0.063,0.516,1.453,-91.309,4.761,80.261
0.024,0.579,1.450,-34.790,-0.854,73.059
0.085,0.610,1.492,-11.475,-2.686,62.439
0.117,0.589,1.510,-13.794,1.221,50.476
0.109,0.544,1.482,-19.897,11.353,37.537
0.074,0.406,1.428,-20.264,20.691,25.146
0.021,0.333,1.317,-27.527,28.076,18.127
-0.020,0.259,1.177,-29.236,29.602,19.470
0.019,0.243,1.037,-19.775,23.499,20.752
-0.010,0.179,1.014,-17.090,12.451,18.982
0.006,0.157,1.085,-15.137,0.732,17.334
0.026,0.171,1.169,-15.442,-4.639,17.273
0.020,0.177,1.242,-17.883,-5.798,16.357
-0.014,0.181,1.272,-21.912,-3.906,13.916
-0.034,0.199,1.266,-24.109,-0.732,10.681
-0.048,0.203,1.206,-24.780,3.845,7.263
-0.080,0.176,1.139,-24.841,7.996,3.113
-0.110,0.122,1.076,-24.170,11.230,-0.427
-0.147,0.056,1.017,-24.963,14.282,-2.625
-0.187,-0.003,0.962,-26.062,15.869,-2.441
-0.188,0.001,0.949,-22.461,15.015,1.221
-0.183,0.023,0.953,-12.390,12.817,5.981
-0.181,0.068,0.960,-7.812,10.864,8.057
-0.169,0.103,0.976,-6.165,9.094,8.179
-0.158,0.125,0.968,-2.869,7.996,7.935
-0.146,0.142,0.942,-0.122,7.141,7.385
-0.131,0.140,0.927,3.784,5.615,5.798
-0.110,0.148,0.914,6.775,4.395,3.418
-0.104,0.157,0.884,7.019,3.784,-0.305
-0.106,0.135,0.891,6.836,1.892,-3.906
-0.113,0.102,0.906,5.127,0.366,-7.141
-0.109,0.076,0.920,0.244,0.488,-10.681
-0.134,0.019,0.947,-3.601,1.038,-15.381
-0.218,-0.108,0.941,-7.141,1.465,-19.348
-0.243,-0.180,0.942,-12.268,0.427,-17.456
-0.237,-0.201,0.989,-9.399,-2.380,-9.644
-0.220,-0.155,1.032,-3.479,-4.333,-1.526
-0.196,-0.077,1.059,-1.465,-4.089,4.456
-0.173,-0.002,1.063,-0.671,-2.075,7.812
-0.156,0.054,1.039,1.221,0.916,7.935
-0.155,0.077,1.000,2.625,3.052,5.676
-0.141,0.098,0.975,1.099,4.211,3.052
-0.146,0.092,0.970,-1.221,4.639,-0.610
-0.173,0.053,0.949,-4.883,4.578,-4.333
-0.195,0.021,0.926,-8.911,3.113,-6.409

0.638,0.832,-2.167,19.104,22.644,-53.162
0.708,0.866,-2.360,29.968,-65.247,-70.801
0.610,0.960,-2.340,32.349,-148.926,-84.961
0.466,1.064,-2.080,11.475,-219.055,-106.201
0.262,1.041,-1.714,-45.654,-268.738,-144.470
-0.235,0.929,-1.541,-132.019,-307.312,-184.570
-0.455,0.918,-1.185,-211.365,-352.234,-209.961
-0.930,0.549,-0.707,-264.404,-395.508,-234.924
-1.549,0.233,-0.297,-308.044,-436.829,-235.291
-1.774,0.312,0.300,-291.504,-484.436,-198.242
-2.392,0.138,1.291,-227.417,-523.010,-176.819
-2.126,0.530,2.101,-96.741,-519.470,-102.783
-2.111,0.486,2.932,34.912,-516.052,-98.877
-2.256,0.125,3.609,43.274,-481.445,-143.738
-2.235,-0.239,4.000,24.109,-426.636,-165.039
-2.151,-0.385,4.000,-15.381,-354.126,-153.198
-2.052,-0.474,4.000,-19.897,-288.025,-129.272
-2.004,-0.606,4.000,31.067,-218.445,-118.530
-1.951,-0.770,4.000,82.397,-131.958,-117.737
-1.892,-0.843,3.994,105.286,-54.932,-103.943
-1.740,-0.776,3.797,122.192,9.766,-80.322
-1.567,-0.607,3.518,137.634,72.754,-61.584
-1.512,-0.521,3.291,151.855,129.272,-53.467
-1.545,-0.469,3.018,160.217,181.152,-45.654
-1.298,-0.360,2.748,179.504,228.699,-34.668
-1.114,-0.287,2.497,197.693,276.062,-23.315
-1.031,-0.238,2.266,216.248,314.209,-13.855
-0.992,-0.256,2.034,234.741,343.750,-7.507
-0.965,-0.219,1.786,229.553,372.131,-2.808
-0.970,-0.183,1.560,231.567,393.799,1.526
-0.950,-0.100,1.503,244.446,409.424,5.371
-1.029,-0.068,1.385,257.568,423.767,6.042
-1.108,-0.047,1.154,258.850,445.312,2.869
-1.205,-0.054,0.892,250.244,464.233,0.610
-1.327,-0.136,0.588,233.582,478.516,-1.892
-1.363,-0.188,0.274,209.534,479.309,-1.282
-1.370,-0.275,0.001,197.693,462.280,2.686
-1.382,-0.336,-0.225,196.472,429.016,11.658
-1.349,-0.398,-0.500,194.153,385.254,21.790
-1.282,-0.419,-0.881,185.120,341.187,38.147
-1.195,-0.475,-1.388,187.744,290.100,51.941
-1.034,-0.536,-2.068,184.998,222.412,58.960
-0.855,-0.717,-2.584,158.752,133.240,55.359
-0.788,-0.902,-2.959,128.601,47.058,53.711
-0.771,-0.844,-3.039,91.064,-51.575,66.895
-0.758,-0.625,-2.577,42.603,-161.499,91.309
-0.901,-0.505,-1.982,1.343,-244.934,110.352
-0.962,-0.318,-1.546,-63.232,-296.021,121.399
-1.081,-0.172,-1.345,-131.165,-328.918,125.977
-1.049,-0.139,-1.113,-167.480,-357.605,124.939
-1.161,-0.190,-0.865,-171.082,-389.282,125.244
-1.232,-0.187,-0.636,-163.086,-415.710,126.404
-1.430,-0.152,-0.428,-169.006,-433.044,130.249
-1.403,0.078,-0.169,-189.819,-449.219,142.639
-1.200,0.309,0.153,-187.866,-459.839,152.405
-1.045,0.493,0.561,-176.636,-456.665,152.283
-1.016,0.580,0.915,-162.354,-444.519,142.639
-1.066,0.627,1.256,-143.372,-425.232,131.104
-1.123,0.581,1.611,-130.127,-401.794,117.493
-1.014,0.508,2.039,-131.897,-380.249,104.004
-0.990,0.472,2.374,-148.132,-352.539,92.224
-0.989,0.440,2.525,-152.222,-313.354,81.482
-1.123,0.218,2.629,-147.888,-273.010,68.848
-1.042,0.272,2.550,-178.284,-215.759,68.665
-0.819,0.520,2.472,-206.909,-158.875,90.820
-0.692,0.688,2.437,-202.637,-124.512,97.290
-0.589,0.893,2.341,-198.242,-97.595,93.323
-0.546,0.873,2.243,-181.519,-81.238,78.369
-0.517,0.786,2.212,-157.043,-73.059,60.486
-0.480,0.670,2.126,-134.460,-53.955,50.293
-0.437,0.534,1.902,-102.600,-30.579,47.302
-0.313,0.488,1.648,-84.167,-11.658,48.950
-0.217,0.420,1.487,-75.928,-4.028,48.340
-0.156,0.366,1.314,-72.083,-1.892,48.218
-0.052,0.388,1.184,-66.956,-2.380,52.551
0.049,0.462,1.151,-60.608,-5.371,54.138
0.108,0.554,1.181,-51.514,-10.376,51.819
0.168,0.617,1.213,-37.659,-12.634,46.753
0.170,0.599,1.288,-31.067,-10.071,36.560
0.139,0.543,1.369,-31.677,-1.892,23.987
0.102,0.472,1.374,-32.837,9.827,13.733
-0.017,0.354,1.337,-34.607,17.334,5.798
-0.130,0.208,1.314,-34.912,20.325,1.160
-0.174,0.099,1.292,-34.546,22.278,2.441
-0.268,0.027,1.208,-27.527,22.339,8.911
-0.252,0.060,1.098,-18.860,18.250,19.287
-0.194,0.145,1.047,-11.353,11.780,28.564
-0.159,0.228,1.076,-1.953,5.798,32.288
-0.139,0.307,1.136,3.113,2.808,31.616
-0.147,0.349,1.177,0.916,5.615,26.550
-0.159,0.338,1.186,-2.869,12.512,18.372
-0.186,0.304,1.177,-7.019,20.996,9.583
-0.248,0.249,1.156,-10.254,29.785,2.869
-0.309,0.190,1.075,-11.597,37.476,-1.282
-0.347,0.135,0.983,-10.803,41.748,-1.526
-0.354,0.112,0.912,-12.268,41.809,0.244
-0.350,0.116,0.850,-13.489,39.612,2.747
-0.328,0.134,0.811,-12.207,35.034,5.859
-0.287,0.165,0.820,-8.606,28.687,9.705
-0.239,0.213,0.841,-5.554,24.048,12.817
-0.199,0.253,0.862,-4.028,22.034,12.878
-0.173,0.268,0.881,-2.441,20.935,9.766
-0.160,0.261,0.910,0.000,20.447,5.554
-0.153,0.248,0.924,0.793,21.606,1.038
-0.163,0.214,0.930,0.244,23.621,-4.089
-0.194,0.150,0.913,-0.793,25.269,-8.911
-0.216,0.096,0.885,-1.099,25.085,-10.071
-0.209,0.065,0.866,1.038,23.560,-7.874
-0.207,0.049,0.860,3.662,20.630,-5.188
-0.184,0.063,0.867,5.737,16.541,-2.808
-0.172,0.079,0.891,7.812,12.512,-0.488
-0.162,0.095,0.900,8.545,9.583,1.343
-0.149,0.112,0.911,7.324,7.446,2.502
-0.134,0.130,0.915,5.737,6.348,1.831
-0.133,0.128,0.939,4.700,5.127,-0.488
-0.142,0.101,0.973,3.357,4.700,-2.686
-0.162,0.070,0.972,0.366,6.165,-4.028
-0.176,0.042,0.954,-1.770,7.324,-4.700
-0.177,0.028,0.967,-0.854,6.836,-3.540

0.869,1.182,-2.634,113.647,-52.002,57.617
0.805,1.414,-2.842,118.896,-146.851,24.292
0.686,1.774,-2.777,73.792,-236.572,-19.592
0.380,1.830,-2.536,3.906,-313.049,-81.116
-0.066,1.708,-2.205,-75.623,-379.150,-138.977
-0.466,1.529,-1.699,-140.015,-432.739,-182.068
-1.058,1.179,-1.195,-189.880,-477.905,-214.478
-1.509,0.934,-0.641,-231.140,-515.564,-236.572
-2.008,0.483,-0.017,-237.610,-541.748,-238.647
-2.647,-0.097,0.767,-213.623,-566.956,-225.830
-2.817,-0.320,1.714,-176.208,-590.637,-195.007
-2.786,-0.246,2.714,-131.042,-587.402,-155.945
-2.623,-0.220,3.521,-84.839,-546.936,-130.127
-2.497,-0.220,3.947,-49.316,-483.154,-109.253
-2.408,-0.016,4.000,-24.048,-409.119,-87.219
-2.108,-0.167,4.000,82.764,-310.547,-55.359
-2.075,-0.363,3.942,130.432,-231.628,-74.402
-2.018,-0.310,3.702,103.943,-166.748,-67.017
-1.871,0.005,3.675,90.454,-117.798,-33.813
-1.659,0.291,3.358,112.915,-49.744,-28.137
-1.576,0.353,3.055,130.188,14.587,-47.485
-1.501,0.304,2.991,152.222,58.533,-65.002
-1.427,0.143,2.816,172.363,102.478,-87.463
-1.369,-0.051,2.574,175.720,148.193,-108.765
-1.293,-0.245,2.466,184.998,188.171,-111.389
-1.164,-0.279,2.494,200.806,226.562,-91.492
-1.049,-0.311,2.530,220.398,265.686,-80.566
-0.993,-0.269,2.464,236.694,307.434,-69.397
-0.986,-0.251,2.270,248.535,349.670,-62.561
-1.133,-0.337,2.020,248.230,386.536,-58.899
-1.129,-0.383,1.780,236.938,418.030,-53.406
-1.154,-0.395,1.509,228.271,442.139,-48.035
-1.206,-0.424,1.210,227.844,459.656,-42.236
-1.228,-0.430,1.027,237.488,466.919,-38.452
-1.311,-0.446,0.894,243.958,468.750,-33.875
-1.405,-0.498,0.684,256.226,468.201,-26.917
-1.471,-0.495,0.435,262.573,466.003,-13.367
-1.517,-0.487,0.207,265.808,455.383,0.610
-1.605,-0.534,-0.165,263.428,439.087,11.780
-1.702,-0.623,-0.648,253.906,402.710,25.818
-1.633,-0.571,-1.556,220.947,349.670,46.204
-1.357,-0.610,-2.756,190.186,277.039,56.519
-0.901,-0.789,-3.703,186.035,164.062,58.716
-0.774,-1.022,-3.933,184.753,13.611,69.580
-0.916,-0.777,-3.319,155.640,-148.804,103.394
-0.929,-0.365,-2.431,107.666,-268.433,135.803
-1.151,-0.002,-1.937,-5.554,-321.472,150.574
-0.980,0.330,-1.688,-149.414,-345.825,153.809
-1.110,0.432,-1.474,-238.525,-362.427,150.269
-1.384,0.238,-1.394,-294.922,-380.493,139.709
-1.586,0.136,-1.063,-304.138,-411.743,143.677
-1.744,0.235,-0.425,-257.385,-454.102,172.729
-1.561,0.481,0.346,-169.922,-492.310,202.820
-1.321,0.632,1.022,-97.961,-502.991,203.003
-1.034,0.739,1.535,-76.172,-482.239,184.814
-0.912,0.766,1.876,-82.336,-434.998,161.133
-0.746,0.724,2.064,-90.149,-374.146,137.207
-0.687,0.617,2.181,-81.360,-314.697,123.352
-0.672,0.440,2.123,-71.716,-267.273,107.300
-0.689,0.266,2.039,-79.468,-243.774,83.191
-0.752,0.098,1.952,-85.205,-224.670,61.646
-0.804,-0.066,1.913,-86.853,-204.590,51.331
-0.649,-0.050,1.973,-98.328,-184.692,50.720
-0.846,-0.203,1.986,-120.361,-157.837,58.167
-0.685,-0.128,2.016,-156.189,-126.099,70.862
-0.546,0.176,1.818,-198.914,-90.271,89.844
-0.515,0.326,1.674,-205.933,-77.271,98.816
-0.399,0.438,1.614,-208.069,-78.003,97.229
-0.504,0.443,1.640,-208.313,-75.806,96.313
-0.416,0.537,1.736,-188.843,-74.036,106.628
-0.242,0.594,1.689,-157.654,-64.880,103.577
-0.355,0.539,1.622,-131.348,-48.706,81.970
-0.308,0.539,1.559,-111.633,-34.485,69.641
-0.194,0.640,1.510,-96.252,-22.278,64.819
-0.078,0.749,1.434,-88.623,-13.428,57.007
-0.202,0.669,1.344,-79.285,-9.094,44.800
-0.162,0.602,1.400,-57.983,-10.620,33.569
-0.185,0.501,1.436,-47.058,-9.460,22.644
-0.220,0.409,1.452,-45.410,-5.005,14.893
-0.241,0.329,1.456,-39.001,-0.366,9.949
-0.165,0.308,1.422,-37.415,6.042,7.019
-0.340,0.198,1.348,-42.236,13.550,5.310
-0.305,0.160,1.303,-40.710,18.372,7.751
-0.272,0.188,1.203,-37.537,21.423,11.414
-0.238,0.225,1.182,-28.503,21.729,16.541
-0.201,0.259,1.198,-19.165,22.339,20.386
-0.175,0.294,1.177,-17.517,25.879,21.301
-0.152,0.347,1.120,-15.991,29.663,20.996
-0.136,0.387,1.084,-9.216,31.189,19.653
-0.132,0.407,1.039,-5.005,33.020,15.747
-0.155,0.383,0.995,-3.113,35.095,9.216
-0.159,0.356,0.918,-1.526,35.706,3.113
-0.168,0.324,0.854,0.977,33.691,-2.869
-0.199,0.252,0.844,5.127,30.273,-9.155
-0.224,0.184,0.856,3.174,27.954,-13.367
-0.232,0.140,0.835,-1.343,26.245,-14.404
-0.245,0.113,0.802,-3.601,23.010,-13.489
-0.257,0.089,0.812,-1.709,18.433,-10.986
-0.250,0.092,0.823,0.061,15.625,-7.874
-0.226,0.112,0.827,-0.183,14.465,-5.127
-0.203,0.148,0.863,-0.305,12.207,-3.418
-0.176,0.198,0.920,1.099,10.559,-2.319
-0.171,0.195,0.967,5.310,11.536,-2.441
-0.171,0.179,0.981,4.517,15.320,-3.967
-0.173,0.158,0.956,3.357,19.226,-5.737
-0.162,0.150,0.918,5.127,20.630,-5.737
-0.150,0.164,0.886,5.127,19.470,-5.127
-0.161,0.155,0.865,4.944,17.578,-6.653
-0.173,0.133,0.873,5.249,15.564,-8.667
-0.176,0.125,0.881,3.540,14.404,-9.644
-0.172,0.126,0.882,2.075,13.672,-9.338
-0.156,0.145,0.906,0.916,11.963,-8.423
-0.157,0.152,0.945,1.343,10.437,-9.277
-0.157,0.146,0.992,3.723,9.888,-10.742
-0.155,0.143,1.024,5.249,10.864,-12.024
-0.159,0.126,1.023,5.066,13.062,-13.184
-0.175,0.099,0.988,2.014,14.832,-13.367
-0.187,0.073,0.936,-1.221,14.954,-12.878
-0.187,0.066,0.926,-1.465,12.451,-11.230

0.964,0.925,-3.120,179.932,68.848,-2.747
1.135,1.176,-3.719,168.884,-23.926,-30.334
1.116,1.493,-3.586,130.127,-137.878,-62.683
0.812,1.802,-3.088,13.977,-237.366,-108.521
0.432,1.727,-2.222,-106.812,-312.195,-171.021
-0.237,1.303,-1.582,-202.271,-365.417,-242.737
-0.720,0.969,-1.261,-297.485,-408.386,-284.607
-1.257,0.533,-0.949,-347.229,-454.712,-281.555
-1.917,0.349,-0.603,-355.042,-509.949,-251.648
-2.353,0.446,0.084,-316.101,-563.782,-210.510
-2.662,0.545,1.214,-259.399,-597.473,-189.087
-2.866,0.723,2.370,-221.924,-597.290,-167.236
-2.751,0.935,3.308,-177.368,-567.383,-150.452
-2.455,1.080,3.994,-117.004,-518.982,-149.231
-3.029,0.632,4.000,-65.125,-455.078,-169.128
-2.562,0.158,4.000,-2.930,-334.534,-167.603
-2.682,-0.187,3.757,3.479,-261.719,-161.377
-2.608,-0.453,3.798,56.458,-228.333,-137.695
-2.443,-0.428,3.417,101.257,-162.781,-112.854
-2.233,-0.253,3.205,117.493,-101.685,-90.027
-2.059,-0.174,3.093,135.010,-53.223,-79.651
-2.002,-0.271,3.040,144.043,-9.460,-86.304
-1.983,-0.474,2.997,152.527,33.325,-92.529
-1.965,-0.682,2.970,163.025,82.397,-88.135
-1.825,-0.806,2.795,179.626,141.357,-68.970
-1.710,-0.911,2.587,199.036,193.970,-49.072
-1.574,-0.934,2.420,217.102,233.032,-24.719
-1.419,-0.891,2.260,239.685,265.015,3.052
-1.274,-0.750,2.083,251.831,295.776,28.564
-1.154,-0.559,1.896,261.353,321.716,49.133
-1.128,-0.480,1.698,263.123,343.567,61.646
-1.107,-0.313,1.482,246.948,366.272,72.632
-1.159,-0.184,1.306,238.403,382.812,78.918
-1.187,-0.101,1.119,237.000,398.987,77.698
-1.224,-0.115,0.913,229.309,417.297,73.120
-1.209,-0.131,0.675,215.515,430.176,71.045
-1.228,-0.214,0.478,203.125,428.711,70.557
-1.172,-0.223,0.254,195.190,418.030,73.486
-1.126,-0.186,0.028,201.477,394.165,80.383
-1.101,-0.144,-0.199,210.266,358.582,90.088
-1.091,-0.136,-0.582,215.027,321.716,97.778
-1.019,-0.210,-1.253,207.703,282.715,100.464
-0.922,-0.384,-2.033,199.097,227.478,95.886
-0.776,-0.607,-2.674,194.519,150.574,96.619
-0.689,-0.786,-3.084,162.415,53.467,104.675
-0.754,-0.690,-3.190,89.661,-60.913,119.629
-0.691,-0.198,-2.796,18.738,-173.096,142.883
-0.792,0.109,-2.180,-16.968,-261.780,151.917
-0.786,0.325,-1.646,-88.379,-314.575,146.912
-0.596,0.526,-1.285,-169.495,-338.562,134.583
-0.716,0.344,-0.911,-216.675,-353.699,113.159
-0.757,0.176,-0.657,-251.099,-355.896,99.915
-0.938,-0.042,-0.608,-265.320,-356.628,96.924
-1.038,-0.153,-0.470,-248.230,-375.854,108.887
-1.093,-0.125,-0.158,-204.102,-401.245,130.127
-0.698,0.216,0.187,-178.772,-412.598,138.672
-1.259,0.152,0.328,-180.481,-408.691,131.775
-1.265,0.370,0.829,-175.842,-411.072,137.756
-0.960,0.784,1.549,-158.325,-400.330,140.808
-0.841,0.955,2.094,-126.404,-366.699,128.662
-0.853,0.849,2.508,-90.454,-326.782,96.680
-0.872,0.602,2.695,-87.158,-279.907,59.082
-0.847,0.344,2.590,-102.966,-220.215,34.607
-0.823,0.198,2.230,-115.417,-162.781,24.292
-0.858,0.132,1.893,-113.586,-128.784,23.193
-0.865,0.148,1.729,-108.032,-114.258,27.161
-0.828,0.212,1.689,-113.770,-104.675,31.616
-0.734,0.226,1.708,-127.563,-89.111,33.508
-0.641,0.342,1.576,-154.602,-61.157,39.246
-0.514,0.368,1.462,-158.691,-40.710,46.143
-0.428,0.315,1.408,-140.686,-37.842,39.612
-0.424,0.214,1.409,-120.483,-41.321,33.325
-0.344,0.399,1.514,-101.868,-43.091,41.443
-0.285,0.478,1.585,-69.458,-38.513,44.189
-0.277,0.543,1.496,-65.369,-24.170,37.170
-0.258,0.534,1.361,-66.589,-8.728,30.640
-0.269,0.475,1.203,-63.721,0.183,23.071
-0.301,0.369,1.077,-63.843,1.892,14.893
-0.318,0.251,1.021,-61.035,-2.441,8.911
-0.331,0.178,1.036,-57.129,-9.033,7.629
-0.320,0.132,1.094,-52.063,-13.550,9.521
-0.318,0.084,1.161,-47.119,-16.541,11.719
-0.323,0.062,1.217,-43.335,-17.273,13.550
-0.329,0.059,1.269,-40.894,-15.320,16.296
-0.322,0.078,1.304,-40.283,-10.925,19.104
-0.245,0.191,1.319,-41.077,-5.066,19.897
-0.401,0.054,1.290,-39.063,0.122,20.081
-0.327,0.171,1.284,-32.837,3.784,23.743
-0.384,0.107,1.163,-34.119,12.451,17.395
-0.378,0.098,1.120,-33.752,16.418,14.893
-0.375,0.113,1.059,-32.166,19.897,16.296
-0.374,0.132,1.028,-28.076,21.240,18.433
-0.365,0.158,1.018,-23.743,20.996,20.691
-0.352,0.195,1.003,-21.912,21.057,23.315
-0.331,0.243,0.975,-18.982,20.447,24.536
-0.327,0.275,0.965,-14.221,18.555,24.475
-0.307,0.308,0.969,-10.742,17.029,23.010
-0.292,0.338,0.959,-10.132,17.395,19.592
-0.298,0.331,0.966,-8.911,18.433,13.855
-0.315,0.293,0.961,-9.216,20.386,7.690
-0.332,0.255,0.927,-12.573,23.254,2.686
-0.343,0.224,0.877,-14.038,23.743,0.122
-0.346,0.201,0.838,-11.902,21.057,-0.366
-0.349,0.178,0.827,-9.583,16.663,-0.061
-0.343,0.175,0.825,-9.583,13.062,0.671
-0.332,0.182,0.842,-8.728,9.460,2.014
-0.317,0.204,0.861,-6.958,6.470,3.235
-0.298,0.236,0.893,-4.639,4.089,2.747
-0.298,0.232,0.935,-1.404,2.747,1.282
-0.301,0.220,0.960,-1.465,3.845,-1.404
-0.308,0.199,0.952,-2.380,6.348,-3.662
-0.306,0.182,0.928,-2.258,7.874,-5.249
-0.301,0.166,0.905,-1.526,8.057,-6.531
-0.335,0.125,0.883,0.427,6.897,-7.874
-0.341,0.109,0.877,1.892,5.737,-7.629
-0.338,0.116,0.874,2.258,4.761,-5.371
-0.339,0.131,0.858,1.404,3.601,-3.296
-0.336,0.145,0.842,0.244,1.404,-2.563
-0.330,0.153,0.857,0.183,-1.282,-2.502

0.853,1.496,-2.427,109.985,98.999,-43.518
0.906,1.541,-3.256,88.440,40.588,-108.948
0.908,1.368,-3.346,88.623,-70.618,-159.546
0.596,1.492,-3.193,55.420,-184.204,-191.223
0.121,1.462,-2.751,-15.686,-283.447,-230.347
-0.509,1.431,-2.294,-128.906,-360.596,-257.019
-1.068,1.433,-1.895,-245.728,-428.406,-270.508
-1.499,1.224,-1.305,-316.162,-489.868,-282.227
-2.257,0.740,-0.705,-348.389,-545.959,-287.842
-2.767,0.480,0.014,-362.427,-601.562,-273.926
-3.223,0.372,0.926,-322.205,-629.333,-243.958
-3.999,-0.192,2.016,-260.193,-641.296,-217.407
-3.424,0.298,3.035,-173.035,-618.408,-123.535
-3.202,0.145,4.000,-13.794,-580.566,-126.953
-3.377,-0.564,4.000,6.409,-500.061,-185.669
-3.193,-1.014,4.000,-46.326,-403.992,-187.378
-2.971,-1.161,4.000,-49.255,-336.121,-140.198
-2.735,-1.143,4.000,29.175,-247.375,-89.661
-2.533,-1.078,4.000,92.590,-113.708,-60.791
-2.327,-0.865,4.000,125.000,19.775,-38.086
-2.291,-0.622,4.000,147.583,119.324,-14.587
-2.262,-0.457,3.670,162.354,194.580,0.427
-2.029,-0.335,3.188,167.542,255.920,5.127
-1.838,-0.245,2.850,179.016,312.805,8.362
-1.630,-0.155,2.669,202.271,361.389,13.489
-1.567,-0.133,2.527,214.355,409.180,15.747
-1.524,-0.115,2.364,217.102,458.313,17.517
-1.540,-0.099,2.128,220.398,505.310,17.090
-1.671,-0.123,1.815,228.943,550.293,17.212
-1.802,-0.086,1.378,240.601,588.196,18.433
-1.857,0.041,0.891,248.169,608.337,20.874
-1.818,0.190,0.434,255.981,609.192,20.691
-1.702,0.291,0.104,259.399,592.346,17.456
-1.609,0.314,-0.072,262.329,559.998,11.047
-1.517,0.240,-0.241,256.714,524.231,3.967
-1.467,0.115,-0.389,242.310,488.220,-1.587
-1.373,0.004,-0.598,231.934,444.397,0.854
-1.256,-0.053,-0.792,229.431,389.099,3.967
-1.073,0.022,-0.922,216.003,343.323,2.441
-0.845,0.087,-1.266,182.434,324.341,-21.179
-0.690,-0.032,-1.807,133.545,297.363,-45.898
-0.593,-0.317,-2.499,99.548,235.840,-50.171
-0.492,-0.674,-3.211,87.585,140.808,-33.752
-0.449,-1.014,-3.827,70.557,15.503,-4.150
-0.603,-1.247,-3.839,52.368,-137.451,39.856
-0.848,-1.105,-3.257,56.641,-289.001,90.576
-1.332,-0.752,-2.708,56.091,-421.204,129.150
-1.611,-0.330,-2.079,21.484,-530.090,151.367
-1.855,0.098,-1.562,-23.193,-603.577,163.635
-1.902,0.380,-1.120,-78.491,-650.940,152.710
-2.237,0.435,-0.836,-163.452,-675.415,132.996
-2.325,0.512,-0.514,-250.671,-679.993,125.244
-2.373,0.491,-0.202,-302.795,-677.185,128.784
-2.101,0.712,0.200,-338.379,-678.772,137.329
-2.476,0.687,0.502,-359.192,-668.091,116.882
-2.529,0.828,0.679,-375.916,-619.263,109.436
-2.404,1.184,1.139,-337.830,-595.215,143.311
-2.350,1.377,1.921,-260.376,-586.731,161.926
-2.072,1.482,2.942,-168.274,-568.481,156.311
-1.612,1.340,3.975,-84.290,-523.743,127.991
-1.305,0.950,4.000,-38.269,-453.003,85.022
-1.137,0.486,4.000,-50.903,-335.388,37.903
-1.024,0.142,4.000,-97.961,-191.895,10.681
-1.013,0.010,3.556,-111.816,-75.439,10.010
-1.037,-0.101,2.823,-95.032,-7.446,14.954
-1.023,-0.148,2.307,-87.646,31.616,16.235
-0.989,-0.092,1.647,-115.295,81.787,22.827
-0.961,0.045,1.201,-148.743,102.112,30.518
-0.871,0.155,1.030,-133.118,90.149,35.156
-0.816,0.147,1.038,-101.013,66.223,32.898
-0.708,0.164,1.165,-85.693,46.936,31.494
-0.572,0.204,1.299,-78.613,42.969,35.034
-0.435,0.213,1.412,-72.754,50.415,37.842
-0.309,0.240,1.486,-69.824,60.852,39.001
-0.223,0.269,1.518,-65.063,70.496,38.269
-0.173,0.279,1.526,-53.101,80.017,34.973
-0.136,0.276,1.519,-36.804,89.294,29.968
-0.095,0.298,1.499,-21.851,98.816,25.391
-0.084,0.297,1.492,-8.667,109.070,21.179
-0.114,0.261,1.434,-1.221,121.521,17.151
-0.132,0.236,1.311,-1.465,133.606,14.221
-0.126,0.236,1.170,-5.188,141.846,12.451
-0.121,0.206,1.045,-7.202,145.569,9.521
-0.110,0.158,0.930,-8.789,144.958,5.859
-0.112,0.112,0.793,-13.672,140.198,3.113
-0.098,0.096,0.646,-20.691,129.517,1.465
-0.068,0.061,0.597,-24.536,113.770,-0.305
-0.036,0.018,0.641,-17.944,95.886,1.526
0.014,0.038,0.714,-8.789,79.285,7.507
0.035,0.099,0.738,-3.662,66.040,12.207
0.055,0.155,0.754,0.305,55.115,14.038
0.083,0.197,0.820,4.639,46.326,13.489
0.058,0.198,0.883,3.723,42.175,8.179
0.067,0.203,0.894,1.038,41.992,2.808
0.064,0.189,0.890,-0.183,42.358,-0.977
0.040,0.144,0.870,-1.282,41.260,-4.700
0.031,0.105,0.820,-3.967,38.940,-8.057
0.015,0.075,0.762,-5.676,34.546,-9.583
0.017,0.051,0.745,-2.197,26.855,-8.484
0.024,0.035,0.778,4.456,18.799,-5.920
0.023,0.032,0.832,7.568,13.062,-4.272
0.023,0.030,0.875,6.958,10.132,-3.662
0.021,0.030,0.895,4.639,9.155,-3.784
0.020,0.030,0.911,3.723,8.667,-3.906
0.018,0.023,0.920,3.845,8.301,-4.028
0.008,0.003,0.920,3.540,7.812,-4.089
0.003,-0.019,0.923,2.319,6.897,-4.456
0.000,-0.035,0.922,1.587,5.493,-3.967
0.005,-0.028,0.898,1.709,3.296,-2.686
0.012,-0.014,0.894,3.845,0.061,-0.671
0.017,0.004,0.908,6.531,-2.991,0.977
0.018,0.018,0.926,6.531,-4.761,1.526
0.022,0.032,0.922,4.089,-6.042,1.343
0.020,0.037,0.935,2.625,-7.751,0.610
0.015,0.022,0.969,2.869,-9.094,-0.061
0.003,-0.000,0.998,1.648,-9.338,-0.977
-0.007,-0.016,0.995,-1.709,-8.484,-1.953
-0.009,-0.021,1.001,-2.441,-8.240,-2.014
-0.018,-0.034,1.010,0.122,-8.301,-1.526

0.652,0.953,-2.750,9.888,23.621,-43.091
0.532,1.125,-3.171,21.667,-64.514,-62.012
0.242,1.162,-3.262,8.789,-173.401,-83.069
0.108,1.445,-3.096,-45.959,-279.602,-95.642
-0.357,1.694,-2.713,-135.193,-375.488,-108.521
-0.817,1.909,-2.478,-231.201,-461.060,-129.150
-1.180,2.239,-2.020,-329.529,-541.321,-149.658
-1.794,2.031,-1.250,-382.080,-611.328,-182.129
-2.553,1.554,-0.903,-392.517,-661.194,-214.355
-3.216,1.110,-0.351,-366.455,-720.642,-224.731
-3.272,1.027,0.722,-275.085,-776.978,-212.891
-4.000,0.016,2.224,-164.429,-817.505,-233.643
-4.000,0.678,3.372,-135.376,-762.634,-220.215
-3.965,0.523,4.000,-25.757,-684.021,-153.015
-3.793,-0.222,4.000,28.015,-584.167,-214.844
-3.489,-1.008,4.000,-14.465,-465.088,-248.596
-3.251,-1.802,4.000,-5.981,-358.276,-217.590
-2.916,-2.024,4.000,1.648,-223.206,-146.484
-2.582,-1.649,4.000,22.888,-91.309,-59.387
-2.328,-1.154,4.000,111.694,15.381,-4.456
-2.219,-0.777,4.000,183.105,112.854,17.761
-2.151,-0.513,3.452,194.275,190.186,26.245
-1.982,-0.393,2.948,181.885,247.681,30.029
-1.792,-0.375,2.633,170.532,298.462,31.311
-1.633,-0.446,2.460,174.072,342.468,29.602
-1.539,-0.504,2.372,181.091,380.920,29.968
-1.419,-0.487,2.294,189.758,417.786,37.415
-1.425,-0.443,2.150,202.026,453.857,46.570
-1.427,-0.350,1.888,228.027,486.267,55.054
-1.449,-0.208,1.607,244.385,518.005,63.232
-1.438,0.038,1.300,255.920,543.640,66.223
-1.358,0.322,0.960,262.756,562.622,62.622
-1.371,0.471,0.699,268.127,565.735,50.720
-1.414,0.444,0.490,263.000,557.190,35.095
-1.472,0.298,0.231,253.174,549.744,16.479
-1.489,0.077,-0.102,239.624,534.058,7.935
-1.459,-0.089,-0.405,227.539,502.380,13.062
-1.345,-0.219,-0.703,218.994,464.905,19.043
-1.238,-0.369,-0.978,208.191,417.664,26.367
-1.003,-0.321,-1.216,180.664,371.277,30.823
-0.915,-0.501,-2.001,156.494,337.158,25.330
-0.686,-0.541,-3.037,140.381,274.536,22.217
-0.634,-0.796,-3.892,134.583,154.480,25.085
-0.590,-0.799,-3.991,122.620,-8.728,49.011
-0.725,-0.536,-3.330,111.328,-177.795,77.148
-0.961,-0.187,-2.554,88.989,-312.805,92.834
-1.129,0.035,-1.866,25.330,-402.161,99.304
-1.336,0.156,-1.523,-66.406,-444.824,98.999
-1.508,0.385,-1.470,-145.020,-469.177,93.994
-1.599,0.593,-1.315,-198.669,-504.211,88.623
-1.777,0.599,-1.019,-249.268,-540.710,79.895
-1.833,0.551,-0.734,-279.724,-570.007,77.637
-1.821,0.470,-0.431,-270.874,-593.506,82.275
-1.841,0.413,-0.073,-241.638,-614.624,82.336
-1.839,0.396,0.281,-225.586,-628.235,69.824
-1.865,0.489,0.515,-246.704,-603.027,55.725
-1.900,0.536,0.644,-289.856,-561.157,50.598
-1.830,0.871,0.979,-295.654,-537.720,77.087
-1.636,1.074,1.536,-243.042,-531.677,91.431
-1.555,1.071,2.101,-194.580,-519.714,79.468
-1.513,0.958,2.561,-188.538,-482.666,60.425
-1.385,0.785,2.925,-185.181,-413.452,43.274
-1.242,0.574,3.251,-171.387,-333.740,30.151
-1.167,0.321,3.402,-156.677,-260.498,22.095
-1.090,0.191,3.502,-142.334,-207.092,23.865
-1.041,0.084,3.462,-138.672,-151.794,30.945
-1.067,-0.087,3.361,-138.977,-91.003,36.072
-1.035,0.001,2.890,-156.006,-12.085,53.040
-0.941,0.306,2.250,-170.349,58.716,85.510
-0.825,0.504,1.859,-148.315,85.083,91.675
-0.769,0.561,1.717,-115.295,81.421,80.261
-0.735,0.514,1.677,-84.290,77.087,67.200
-0.668,0.556,1.547,-74.768,84.961,65.430
-0.556,0.655,1.349,-77.454,97.778,70.251
-0.427,0.728,1.199,-75.867,104.431,72.693
-0.311,0.752,1.123,-72.693,101.929,67.810
-0.203,0.759,1.097,-64.270,95.581,58.594
-0.136,0.731,1.112,-47.119,87.830,48.523
-0.077,0.674,1.145,-27.832,81.604,38.330
-0.040,0.608,1.150,-15.198,78.918,28.015
-0.043,0.518,1.123,-9.460,77.881,18.799
-0.053,0.443,1.071,-8.057,77.271,12.085
-0.058,0.371,1.036,-6.714,76.477,7.568
-0.067,0.305,1.010,-5.920,74.036,4.211
-0.107,0.233,0.957,-6.775,69.641,1.038
-0.126,0.201,0.919,-5.371,62.744,0.610
-0.115,0.210,0.933,-0.122,54.321,2.930
-0.110,0.217,0.981,6.531,46.570,4.272
-0.134,0.193,1.029,9.094,42.480,2.930
-0.170,0.156,1.054,6.226,43.396,0.671
-0.204,0.105,1.063,1.587,46.997,-0.305
-0.242,0.049,1.023,-4.150,50.842,0.549
-0.250,0.032,0.972,-9.766,52.063,4.395
-0.228,0.058,0.942,-9.888,50.476,10.620
-0.189,0.112,0.941,-4.700,47.424,16.235
-0.158,0.171,0.944,0.854,44.678,18.372
-0.133,0.227,0.938,3.418,43.213,16.846
-0.115,0.259,0.930,5.005,42.297,12.390
-0.108,0.261,0.919,5.554,42.847,6.958
-0.117,0.229,0.905,3.784,44.006,1.953
-0.136,0.173,0.901,1.343,45.044,-1.221
-0.095,0.153,0.909,-0.732,46.265,-1.648
-0.107,0.103,0.919,-2.625,44.922,-3.662
-0.105,0.074,0.907,-5.615,44.373,-3.723
-0.091,0.061,0.896,-6.775,43.701,-2.197
-0.081,0.058,0.881,-4.822,40.344,-0.427
-0.052,0.079,0.856,-3.052,35.645,0.488
-0.042,0.094,0.851,-0.366,29.724,0.488
-0.038,0.106,0.855,4.761,24.292,0.549
-0.034,0.131,0.869,8.301,19.714,0.732
-0.033,0.142,0.876,8.484,16.296,0.244
-0.028,0.147,0.877,5.798,14.343,-1.465
-0.029,0.131,0.882,2.808,13.062,-3.296
-0.031,0.106,0.905,1.160,11.169,-4.639
-0.034,0.080,0.929,-1.038,9.827,-5.554
-0.038,0.061,0.945,-2.991,8.667,-6.042
-0.048,0.049,0.957,-3.357,7.446,-6.104
-0.047,0.054,0.969,0.061,5.615,-4.761
-0.048,0.067,0.972,4.639,3.906,-2.869

0.400,1.252,-2.104,114.075,260.132,-36.804
0.393,0.904,-2.932,91.492,194.641,-71.045
0.415,0.609,-3.665,39.368,103.821,-89.355
0.392,0.307,-3.999,15.503,-22.339,-90.149
-0.004,0.222,-3.820,-12.390,-175.049,-75.195
-0.473,0.524,-3.170,-89.172,-327.209,-53.345
-0.826,1.127,-2.601,-151.917,-453.979,-42.664
-1.210,1.493,-1.881,-204.407,-552.856,-56.274
-1.787,1.604,-1.362,-286.682,-626.526,-85.449
-2.462,1.651,-0.963,-360.657,-688.171,-115.906
-3.313,1.602,-0.203,-390.869,-751.770,-139.282
-4.000,0.770,1.308,-350.952,-788.818,-174.866
-3.764,1.201,2.795,-235.779,-770.996,-102.173
-3.599,0.578,3.998,-91.125,-755.188,-113.281
-2.958,0.265,4.000,-137.146,-666.382,-166.565
-2.349,-0.199,4.000,-111.633,-578.064,-161.194
-1.966,-0.487,4.000,-30.945,-468.750,-155.396
-1.736,-0.669,4.000,24.231,-326.111,-144.348
-1.642,-0.725,4.000,61.035,-186.218,-123.230
-1.619,-0.717,3.995,99.060,-89.844,-102.905
-1.526,-0.661,3.587,131.165,-38.879,-87.097
-1.482,-0.546,3.307,148.743,9.705,-74.646
-1.382,-0.425,3.070,164.551,64.575,-67.932
-1.282,-0.399,2.815,167.664,121.521,-72.083
-1.193,-0.431,2.697,171.936,163.879,-71.655
-1.076,-0.465,2.677,185.364,200.867,-68.054
-0.945,-0.509,2.661,199.951,241.211,-60.120
-0.899,-0.551,2.566,214.172,286.560,-52.490
-0.974,-0.731,2.268,228.088,328.674,-40.100
-0.882,-0.755,2.007,245.605,358.704,-18.921
-0.935,-0.675,1.648,252.502,379.761,4.700
-0.960,-0.592,1.377,265.381,391.846,22.644
-0.953,-0.446,1.161,268.616,397.461,31.860
-0.979,-0.291,0.894,259.033,403.503,36.194
-0.954,-0.149,0.598,249.756,407.593,39.246
-0.921,-0.075,0.328,236.389,403.198,41.931
-0.883,-0.096,0.058,212.708,392.700,39.673
-0.774,-0.171,-0.100,179.932,367.920,30.273
-0.773,-0.288,-0.204,150.940,333.496,24.780
-0.678,-0.297,-0.445,128.967,300.781,22.583
-0.615,-0.255,-0.641,119.934,253.784,23.132
-0.514,-0.284,-0.761,132.019,199.158,21.790
-0.466,-0.349,-0.860,147.888,147.644,17.944
-0.483,-0.522,-1.024,139.648,103.516,13.062
-0.459,-0.674,-1.274,115.417,62.256,19.409
-0.476,-0.835,-1.700,91.492,17.273,39.368
-0.475,-0.886,-1.986,61.279,-41.077,75.317
-0.547,-1.000,-1.988,47.119,-114.502,99.121
-0.766,-0.916,-1.894,29.785,-188.721,114.868
-0.792,-0.572,-1.763,-22.278,-256.042,140.991
-0.902,-0.409,-1.540,-65.491,-313.660,160.889
-1.045,-0.254,-1.289,-97.168,-362.671,177.368
-1.220,-0.126,-1.074,-115.295,-403.259,189.697
-1.207,0.021,-0.783,-114.441,-440.735,193.787
-1.359,0.049,-0.611,-127.014,-471.863,187.622
-1.446,0.195,-0.387,-170.959,-489.746,178.589
-1.316,0.371,-0.208,-195.679,-497.925,169.250
-1.618,0.336,-0.046,-224.792,-501.892,159.424
-1.447,0.603,0.362,-229.004,-511.108,167.908
-1.419,0.588,0.876,-188.110,-505.493,162.720
-1.269,0.653,1.485,-187.134,-477.905,149.597
-1.089,0.883,2.080,-199.341,-433.594,135.986
-0.911,0.979,2.442,-188.660,-379.150,111.267
-0.717,1.004,2.867,-163.208,-345.459,77.332
-0.659,0.874,3.203,-148.132,-304.871,48.279
-0.774,0.530,3.213,-143.738,-245.972,20.569
-0.825,0.334,2.737,-148.010,-167.969,10.803
-0.814,0.152,2.026,-138.123,-99.792,16.052
-0.856,0.132,1.427,-135.193,-69.397,19.714
-0.847,0.205,1.198,-117.371,-73.059,27.344
-0.795,0.322,1.209,-83.984,-82.397,29.541
-0.748,0.417,1.362,-74.341,-83.130,27.649
-0.645,0.551,1.540,-80.078,-74.524,26.611
-0.573,0.609,1.677,-86.609,-59.021,22.095
-0.530,0.564,1.727,-87.219,-38.879,13.428
-0.517,0.435,1.655,-84.290,-17.395,3.723
-0.477,0.303,1.549,-78.735,-0.671,-1.099
-0.431,0.227,1.449,-73.242,11.353,-0.427
-0.456,0.140,1.346,-72.021,20.081,2.197
-0.417,0.157,1.268,-71.960,24.658,7.935
-0.364,0.230,1.268,-60.486,22.949,15.564
-0.329,0.306,1.295,-43.762,18.860,18.677
-0.347,0.337,1.321,-37.231,20.264,16.357
-0.333,0.349,1.291,-35.461,24.170,10.498
-0.303,0.350,1.281,-32.410,28.992,6.042
-0.277,0.350,1.323,-23.926,31.860,3.052
-0.284,0.297,1.342,-17.944,36.560,-1.831
-0.298,0.218,1.314,-20.264,44.556,-8.057
-0.332,0.127,1.237,-24.109,52.063,-12.268
-0.355,0.072,1.143,-25.818,55.481,-11.963
-0.353,0.063,1.098,-24.353,55.115,-9.338
-0.349,0.058,1.083,-17.334,53.040,-6.226
-0.370,0.062,1.042,-12.207,51.392,-3.113
-0.373,0.097,0.983,-13.000,49.866,0.793
-0.367,0.108,0.967,-14.465,48.157,4.333
-0.348,0.115,0.964,-14.648,46.631,7.141
-0.315,0.152,0.950,-14.771,44.861,9.583
-0.298,0.177,0.933,-11.597,42.053,11.108
-0.272,0.208,0.928,-7.019,39.795,12.573
-0.242,0.251,0.924,-3.845,38.635,13.367
-0.228,0.275,0.903,-2.258,38.086,11.597
-0.215,0.276,0.886,-2.991,37.476,7.446
-0.204,0.260,0.868,-4.028,36.865,2.258
-0.207,0.233,0.850,-3.967,35.522,-2.625
-0.227,0.181,0.843,-2.747,33.081,-7.019
-0.251,0.123,0.822,-3.906,30.762,-10.620
-0.276,0.067,0.809,-6.042,28.015,-12.390
-0.298,0.031,0.805,-6.042,24.597,-10.986
-0.302,0.029,0.829,-4.578,20.325,-6.958
-0.292,0.037,0.863,-1.343,16.418,-2.319
-0.279,0.070,0.894,0.061,13.550,1.953
-0.264,0.112,0.900,0.732,12.329,4.883
-0.249,0.143,0.920,1.343,11.658,5.615
-0.233,0.161,0.945,1.465,11.353,5.127
-0.218,0.170,0.973,1.282,11.780,3.723
-0.219,0.175,1.000,1.465,12.451,1.709
-0.223,0.168,1.002,2.869,13.367,-0.610
-0.228,0.161,0.983,5.493,13.367,-2.136
-0.229,0.150,0.969,8.728,13.000,-2.625

0.673,1.663,-3.459,40.771,44.922,-40.710
0.634,1.792,-4.000,47.729,-61.035,-81.055
0.188,1.665,-4.000,39.734,-218.872,-128.052
-0.339,1.748,-3.470,-15.442,-375.488,-156.311
-0.765,2.068,-2.482,-102.722,-484.558,-180.542
-1.212,2.155,-1.676,-213.074,-547.852,-224.426
-1.743,1.869,-1.123,-337.524,-591.309,-272.522
-2.290,1.467,-0.636,-414.734,-633.911,-292.114
-3.811,0.193,0.169,-383.057,-696.533,-308.960
-3.967,0.498,1.337,-269.531,-736.572,-255.615
-4.000,0.094,2.860,-93.079,-761.230,-242.920
-4.000,-0.163,3.955,-58.289,-721.191,-300.110
-3.752,-0.427,4.000,-63.293,-646.667,-301.208
-3.277,-0.622,4.000,-37.598,-563.904,-278.870
-2.724,-0.745,4.000,-24.353,-452.637,-257.874
-2.571,-0.867,4.000,-30.762,-333.191,-234.619
-2.512,-1.422,4.000,29.175,-234.009,-204.651
-2.302,-1.588,4.000,98.328,-122.131,-159.546
-2.155,-1.461,4.000,137.085,-21.667,-108.826
-1.999,-1.182,3.812,166.504,56.641,-59.448
-1.953,-0.898,3.359,175.171,126.221,-24.902
-1.773,-0.502,2.875,184.937,189.514,2.441
-1.569,-0.310,2.553,208.191,239.624,12.939
-1.382,-0.299,2.350,216.064,280.212,13.123
-1.272,-0.411,2.211,220.215,319.641,13.306
-1.178,-0.500,2.095,222.900,357.727,19.714
-1.167,-0.587,1.931,228.760,393.372,29.419
-1.184,-0.615,1.723,226.135,429.810,41.382
-1.220,-0.601,1.483,224.609,459.961,52.002
-1.214,-0.520,1.289,225.098,483.093,60.852
-1.277,-0.466,1.094,226.929,500.061,63.782
-1.391,-0.415,0.824,225.891,512.451,64.697
-1.480,-0.368,0.483,220.703,515.686,66.833
-1.521,-0.367,0.194,211.853,502.319,71.960
-1.490,-0.410,-0.181,203.247,479.004,78.674
-1.576,-0.532,-0.695,200.562,435.120,96.130
-1.521,-0.670,-1.342,209.961,375.854,118.713
-1.245,-0.608,-1.937,203.796,305.847,142.456
-0.934,-0.437,-2.242,171.265,219.299,162.903
-0.731,-0.332,-2.357,125.549,126.099,170.654
-0.632,-0.275,-2.408,71.594,35.950,170.105
-0.496,0.031,-2.212,16.602,-52.063,164.185
-0.458,0.201,-2.038,-25.452,-111.328,139.526
-0.532,0.201,-1.877,-60.181,-160.278,108.826
-0.620,0.125,-1.637,-79.346,-217.163,90.210
-0.741,0.034,-1.470,-91.980,-262.085,80.017
-0.846,0.009,-1.363,-102.600,-307.861,77.454
-0.939,0.030,-1.252,-97.778,-353.821,77.820
-0.922,0.143,-1.105,-91.858,-392.822,79.529
-0.855,0.252,-0.823,-82.703,-424.927,80.994
-0.773,0.334,-0.391,-90.149,-451.172,74.158
-0.873,0.265,0.038,-130.493,-463.013,52.368
-0.897,0.239,0.338,-175.476,-429.443,34.485
-0.891,0.284,0.503,-204.773,-384.949,31.067
-0.885,0.417,0.615,-210.205,-359.009,43.762
-0.898,0.495,0.879,-188.538,-356.079,54.443
-0.969,0.482,1.344,-160.217,-365.662,51.086
-1.069,0.359,1.825,-139.526,-362.000,44.067
-1.135,0.240,2.273,-131.714,-338.745,42.175
-1.060,0.236,2.589,-121.094,-296.814,53.650
-0.874,0.236,2.742,-101.563,-255.249,58.167
-0.779,0.257,2.711,-104.004,-215.027,51.819
-0.736,0.291,2.535,-122.742,-169.250,46.570
-0.714,0.165,2.397,-127.197,-127.991,44.312
-0.731,0.308,2.318,-142.395,-88.806,54.321
-0.574,0.318,2.226,-136.536,-46.692,62.317
-0.609,0.199,1.842,-161.499,-3.662,45.715
-0.593,0.245,1.615,-211.365,6.165,49.255
-0.548,0.339,1.740,-193.665,-23.376,67.261
-0.446,0.357,1.896,-146.606,-32.532,74.829
-0.443,0.354,1.781,-122.192,-8.545,74.036
-0.378,0.353,1.596,-109.131,14.893,60.303
-0.316,0.442,1.427,-91.919,28.625,53.650
-0.272,0.435,1.279,-66.833,35.706,53.711
-0.285,0.381,1.171,-53.040,36.133,49.500
-0.266,0.355,1.144,-46.387,30.518,45.471
-0.241,0.308,1.158,-37.964,25.146,41.565
-0.228,0.239,1.207,-33.325,22.278,37.720
-0.208,0.199,1.254,-33.386,22.583,36.865
-0.181,0.178,1.261,-34.729,26.062,37.964
-0.160,0.177,1.219,-36.072,30.029,39.307
-0.139,0.203,1.158,-37.476,32.959,40.466
-0.128,0.230,1.110,-36.011,33.936,40.649
-0.112,0.258,1.082,-32.532,33.630,39.795
-0.099,0.269,1.058,-29.358,32.959,37.720
-0.099,0.304,1.037,-28.870,32.715,35.339
-0.110,0.323,0.987,-27.832,33.386,31.494
-0.132,0.325,0.932,-27.954,33.142,25.818
-0.143,0.310,0.929,-24.719,30.579,20.874
-0.172,0.258,0.962,-17.761,27.588,16.235
-0.220,0.201,0.964,-14.465,25.818,13.062
-0.240,0.172,0.939,-15.198,24.292,12.817
-0.233,0.166,0.927,-13.245,22.034,14.648
-0.229,0.169,0.919,-8.728,19.165,16.418
-0.223,0.187,0.927,-5.127,16.541,18.066
-0.210,0.218,0.943,-1.404,14.832,19.592
-0.194,0.260,0.945,1.099,14.526,20.142
-0.184,0.298,0.933,1.831,15.015,18.372
-0.194,0.310,0.924,1.953,15.259,14.832
-0.196,0.306,0.906,1.160,15.076,10.620
-0.189,0.296,0.899,0.061,14.221,6.592
-0.195,0.261,0.915,-1.343,13.062,2.808
-0.208,0.199,0.946,-3.235,12.451,-0.488
-0.210,0.144,0.977,-4.333,12.451,-1.404
-0.202,0.118,1.004,-2.625,12.695,1.038
-0.190,0.116,1.021,0.793,13.184,4.578
-0.182,0.130,1.018,2.380,14.282,7.019
-0.168,0.161,1.018,3.174,15.503,8.240
-0.147,0.199,1.055,6.714,16.663,9.277
-0.143,0.212,1.085,10.986,18.799,8.667
-0.148,0.216,1.086,12.024,23.193,6.714
-0.162,0.209,1.055,10.742,28.198,4.822
-0.169,0.205,1.014,9.033,32.288,2.808
-0.167,0.199,0.999,8.057,34.302,0.977
-0.167,0.178,0.994,7.874,35.339,-1.160
-0.175,0.154,0.971,5.676,35.706,-3.174
-0.172,0.138,0.941,2.319,35.461,-4.272
-0.158,0.122,0.925,0.244,33.447,-4.395
-0.143,0.111,0.923,-1.038,31.128,-4.211

0.332,1.508,-3.441,73.303,214.722,22.705
0.911,1.727,-4.000,55.786,135.620,-22.522
0.834,1.402,-4.000,1.526,-42.725,-58.655
0.243,1.439,-4.000,-67.505,-274.841,-63.232
-0.425,1.822,-3.964,-70.190,-471.008,-67.566
-1.080,2.267,-2.693,-125.427,-584.167,-98.267
-1.606,2.635,-1.973,-254.944,-643.188,-146.362
-2.057,2.742,-1.270,-354.553,-682.251,-202.087
-3.001,2.386,-0.564,-387.573,-717.407,-258.423
-3.985,1.847,0.188,-375.488,-760.803,-299.194
-4.000,1.792,1.310,-322.998,-796.387,-293.640
-4.000,1.378,2.889,-221.313,-804.382,-289.185
-4.000,1.060,4.000,-159.302,-766.052,-291.565
-4.000,0.706,4.000,-144.409,-679.321,-277.466
-3.705,-0.422,4.000,-36.499,-571.106,-246.826
-3.295,-1.140,4.000,3.906,-461.365,-249.329
-3.001,-1.252,4.000,9.155,-389.099,-194.519
-2.715,-1.126,4.000,99.609,-292.603,-130.676
-2.382,-0.797,4.000,162.964,-155.640,-87.952
-2.171,-0.411,4.000,189.636,-43.762,-62.378
-2.068,-0.166,3.998,215.942,38.208,-52.124
-2.066,-0.095,3.583,225.281,110.107,-48.218
-2.083,-0.191,3.232,216.309,174.927,-49.377
-1.986,-0.293,2.904,206.848,242.615,-46.631
-1.892,-0.360,2.725,212.952,299.316,-31.921
-1.850,-0.398,2.736,224.304,348.328,-18.311
-1.662,-0.334,2.381,245.911,410.950,4.700
-1.664,-0.440,2.034,275.024,452.393,10.437
-1.682,-0.498,1.731,278.748,472.107,20.203
-1.712,-0.479,1.344,283.691,486.267,35.400
-1.724,-0.394,0.951,293.030,490.906,53.284
-1.653,-0.228,0.606,298.340,483.948,73.425
-1.531,-0.049,0.367,301.086,470.276,86.243
-1.409,0.022,0.141,291.016,454.895,85.815
-1.392,-0.081,-0.024,259.216,435.303,76.782
-1.410,-0.240,-0.144,222.290,412.842,73.120
-1.373,-0.405,-0.288,191.406,390.076,76.782
-1.323,-0.458,-0.411,165.100,360.962,96.130
-1.240,-0.465,-0.507,156.738,327.271,112.366
-1.117,-0.353,-0.660,147.766,294.250,123.474
-0.956,-0.106,-0.877,119.995,262.451,127.380
-0.740,0.159,-1.337,81.970,240.295,108.643
-0.655,0.049,-2.089,61.096,216.553,69.397
-0.485,-0.093,-2.811,57.922,160.522,52.612
-0.461,-0.275,-3.259,64.758,58.960,51.208
-0.595,-0.474,-3.628,61.707,-60.303,61.218
-0.664,-0.359,-3.588,41.382,-185.608,86.304
-0.898,-0.255,-3.288,11.902,-300.415,107.666
-1.264,-0.114,-2.873,-20.691,-403.564,123.901
-1.443,0.082,-2.321,-31.006,-494.324,132.446
-1.670,0.155,-1.779,-50.171,-565.063,125.549
-2.005,0.171,-1.512,-99.304,-611.328,113.586
-2.258,0.229,-1.037,-144.592,-652.954,112.122
-2.398,0.389,-0.519,-170.654,-676.025,112.915
-2.548,0.631,-0.058,-224.548,-671.204,99.792
-2.515,0.978,0.442,-297.974,-646.362,80.261
-2.500,1.282,1.079,-331.360,-613.831,66.162
-2.418,1.343,1.816,-306.763,-590.454,63.904
-2.564,1.054,2.545,-276.184,-553.894,68.604
-2.515,0.807,3.370,-238.037,-509.399,89.478
-2.083,0.618,3.937,-200.195,-466.064,83.130
-1.699,0.713,4.000,-189.026,-419.861,71.411
-1.573,0.505,4.000,-188.782,-337.463,60.059
-1.248,0.694,3.980,-181.580,-231.018,76.965
-0.998,0.757,3.548,-139.465,-137.939,83.069
-0.926,0.582,3.045,-114.258,-70.251,60.181
-0.926,0.424,2.412,-126.587,-13.916,39.001
-0.992,0.271,2.034,-139.648,13.733,30.518
-0.958,0.259,1.815,-132.385,28.381,38.818
-0.817,0.308,1.627,-110.901,51.208,54.443
-0.715,0.367,1.426,-99.670,66.223,50.293
-0.612,0.448,1.271,-93.567,71.716,47.119
-0.485,0.489,1.231,-80.872,73.303,46.997
-0.402,0.490,1.272,-70.129,69.458,43.030
-0.346,0.468,1.339,-59.204,67.688,37.231
-0.287,0.435,1.387,-45.044,70.984,31.128
-0.261,0.347,1.407,-31.006,77.148,23.560
-0.249,0.294,1.375,-23.560,85.754,18.372
-0.244,0.232,1.305,-22.949,94.971,15.869
-0.249,0.156,1.282,-20.020,102.661,15.686
-0.256,0.123,1.209,-16.541,108.826,17.944
-0.244,0.151,1.084,-11.780,111.450,22.461
-0.206,0.217,0.996,-1.892,108.032,27.283
-0.168,0.298,0.943,8.301,101.929,28.870
-0.132,0.371,0.900,14.099,96.680,25.635
-0.102,0.422,0.920,18.433,91.858,18.799
-0.080,0.424,0.959,23.926,88.562,10.071
-0.107,0.344,0.979,24.048,88.257,-0.671
-0.155,0.230,0.930,12.268,90.637,-10.071
-0.206,0.121,0.846,-0.549,91.614,-15.259
-0.227,0.048,0.774,-4.395,87.402,-13.245
-0.232,0.009,0.697,-4.272,79.590,-10.254
-0.248,-0.007,0.657,-5.127,68.176,-8.240
-0.232,0.004,0.671,-3.906,54.199,-5.859
-0.214,0.036,0.706,-3.113,42.297,-3.906
-0.210,0.063,0.739,-2.319,33.630,-3.113
-0.205,0.069,0.787,-0.610,26.855,-3.113
-0.199,0.066,0.837,-1.282,22.095,-3.235
-0.188,0.056,0.874,-4.578,19.775,-3.845
-0.193,0.028,0.899,-8.484,18.311,-5.371
-0.186,0.006,0.920,-10.498,16.418,-6.287
-0.168,-0.001,0.941,-10.071,14.709,-5.432
-0.154,-0.002,0.950,-8.606,13.062,-4.333
-0.158,-0.013,0.966,-6.958,11.963,-3.540
-0.164,-0.029,0.982,-5.554,10.986,-2.747
-0.153,-0.015,0.984,-4.639,10.437,-0.977
-0.139,0.009,0.979,-2.869,10.010,0.977
-0.128,0.036,0.971,-1.038,9.644,2.197
-0.125,0.054,0.959,-0.244,9.583,2.075
-0.129,0.053,0.942,-0.732,8.911,1.221
-0.110,0.061,0.950,-0.244,7.507,1.648
-0.101,0.065,0.959,-1.648,6.958,0.916
-0.112,0.037,0.971,-4.028,6.836,-1.404
-0.125,0.002,0.988,-6.104,6.958,-2.808
-0.133,-0.016,0.996,-7.507,6.958,-2.441
-0.131,-0.012,0.989,-7.385,6.531,-1.038
-0.121,-0.001,0.997,-5.615,5.249,0.366
-0.121,-0.003,1.006,-3.296,4.578,1.953
-0.114,0.011,1.005,-2.258,5.310,3.784

0.411,0.351,-3.994,33.813,175.049,21.851
0.711,0.621,-4.000,-4.211,50.171,23.926
0.588,0.816,-4.000,-70.496,-124.146,17.822
0.090,1.139,-4.000,-122.681,-304.443,8.545
-0.419,1.516,-3.886,-128.479,-448.364,-5.310
-1.033,1.812,-3.230,-151.489,-562.317,-30.884
-1.538,2.208,-2.523,-200.623,-653.564,-65.369
-2.041,2.305,-1.583,-228.638,-721.252,-113.586
-2.698,2.061,-0.980,-258.606,-760.437,-166.992
-3.292,1.962,-0.389,-308.472,-789.917,-213.806
-3.869,1.948,0.729,-329.834,-819.519,-236.938
-3.876,1.838,2.025,-317.444,-823.853,-257.019
-4.000,1.565,3.264,-292.297,-794.556,-290.283
-4.000,1.492,4.000,-276.184,-722.351,-289.490
-3.816,0.937,4.000,-132.507,-651.672,-226.624
-3.432,-0.299,4.000,-33.020,-535.339,-267.700
-2.951,-0.874,4.000,-43.884,-404.602,-262.939
-2.532,-0.918,4.000,-16.724,-305.054,-200.562
-2.119,-0.589,4.000,-0.366,-196.655,-139.587
-1.948,-0.343,4.000,16.541,-110.596,-106.445
-1.831,-0.241,3.737,74.707,-48.218,-97.595
-1.794,-0.321,3.335,118.042,15.076,-102.295
-1.755,-0.385,2.961,121.887,78.674,-104.065
-1.701,-0.561,2.698,119.446,129.211,-99.854
-1.677,-0.766,2.478,120.544,170.532,-91.187
-1.538,-0.875,2.327,128.784,208.435,-68.054
-1.414,-0.875,2.316,147.400,240.784,-40.588
-1.214,-0.687,2.139,178.650,281.555,-5.310
-1.033,-0.590,2.058,222.778,312.744,12.207
-0.989,-0.537,2.026,241.333,333.496,20.996
-1.007,-0.470,1.987,243.286,361.450,27.832
-1.048,-0.426,1.814,246.704,399.292,36.621
-1.167,-0.462,1.526,248.413,436.523,43.640
-1.271,-0.436,1.231,242.310,464.966,49.805
-1.350,-0.342,0.953,243.591,483.643,56.152
-1.375,-0.170,0.674,249.573,492.493,61.951
-1.325,-0.027,0.459,251.160,490.906,64.331
-1.200,0.122,0.348,253.479,477.478,68.420
-1.186,0.066,0.215,251.648,458.496,68.176
-1.137,0.080,-0.042,228.577,441.772,65.369
-1.143,0.032,-0.305,202.637,411.865,56.702
-1.109,0.061,-0.504,181.396,380.554,45.776
-1.007,0.086,-0.739,168.091,365.540,17.639
-0.925,0.096,-1.315,158.081,358.521,-14.343
-0.783,-0.064,-2.150,163.635,312.744,-25.085
-0.704,-0.440,-3.154,194.153,221.863,-27.893
-0.511,-0.828,-3.999,208.374,98.450,-11.963
-0.410,-1.021,-4.000,161.255,-51.941,29.907
-0.618,-0.782,-3.986,83.435,-218.933,70.740
-1.098,-0.397,-3.077,32.043,-376.709,94.360
-1.523,-0.068,-2.349,-11.047,-490.540,98.877
-1.801,0.263,-1.768,-66.650,-573.120,96.619
-2.115,0.360,-1.200,-100.525,-633.057,84.229
-2.451,0.377,-0.727,-126.282,-673.279,71.228
-2.565,0.497,-0.434,-167.114,-697.388,63.721
-2.547,0.594,-0.046,-216.370,-708.984,55.359
-2.511,0.652,0.480,-267.395,-702.820,48.096
-2.508,0.789,0.951,-331.360,-672.058,44.922
-2.417,0.960,1.377,-381.714,-618.591,42.664
-2.326,1.036,1.838,-376.404,-560.913,51.758
-2.218,0.914,2.258,-308.167,-510.803,64.575
-2.028,0.685,2.734,-234.009,-483.521,70.007
-1.770,0.501,3.146,-200.500,-453.552,61.401
-1.368,0.457,3.312,-200.562,-397.034,49.072
-1.418,0.287,3.234,-204.529,-322.876,38.696
-1.320,0.249,3.171,-195.923,-255.127,42.175
-1.143,0.348,3.066,-176.147,-193.115,56.030
-1.095,0.297,2.956,-165.283,-132.996,63.538
-0.981,0.364,2.655,-171.936,-72.876,68.176
-0.923,0.435,2.243,-181.335,-17.822,69.702
-0.901,0.336,2.004,-160.706,9.949,62.134
-0.849,0.217,1.798,-124.512,30.029,53.894
-0.782,0.185,1.597,-100.403,49.316,52.917
-0.678,0.250,1.490,-88.196,62.988,59.692
-0.565,0.306,1.427,-78.186,72.144,65.308
-0.486,0.339,1.365,-74.524,80.139,65.674
-0.410,0.371,1.322,-71.472,86.487,62.805
-0.373,0.347,1.251,-62.866,90.698,57.861
-0.343,0.302,1.130,-58.472,93.872,52.124
-0.306,0.262,1.031,-56.824,93.933,48.035
-0.240,0.248,1.001,-51.575,89.722,46.692
-0.202,0.248,1.000,-45.471,84.167,45.593
-0.190,0.241,0.999,-43.579,80.017,42.725
-0.167,0.247,1.002,-44.189,77.576,39.673
-0.138,0.262,1.043,-40.771,75.317,36.682
-0.116,0.263,1.106,-30.518,73.730,33.264
-0.122,0.259,1.141,-23.254,74.829,28.809
-0.144,0.229,1.144,-22.461,78.491,24.048
-0.145,0.206,1.131,-21.301,81.665,21.729
-0.153,0.198,1.079,-17.822,83.679,20.630
-0.170,0.196,0.982,-13.611,84.045,19.653
-0.192,0.210,0.823,-12.085,80.505,17.700
-0.224,0.185,0.735,-8.728,70.923,15.503
-0.160,0.188,0.739,-1.526,59.998,16.174
-0.156,0.188,0.777,1.038,49.683,15.259
-0.172,0.194,0.796,-0.977,44.678,12.329
-0.166,0.208,0.829,0.244,39.795,9.888
-0.151,0.228,0.876,5.432,34.180,8.545
-0.143,0.246,0.919,8.728,31.555,6.592
-0.157,0.238,0.959,8.301,31.921,3.296
-0.130,0.232,0.987,7.263,34.058,0.488
-0.133,0.227,0.993,5.371,35.706,-1.343
-0.141,0.205,0.986,3.906,37.781,-2.808
-0.165,0.140,0.990,1.526,40.283,-3.906
-0.180,0.089,0.966,-3.906,43.091,-3.723
-0.165,0.085,0.939,-8.667,44.495,-2.808
-0.164,0.060,0.940,-7.690,42.603,-2.563
-0.148,0.051,0.953,-6.531,40.588,-2.197
-0.116,0.072,0.981,-7.324,39.001,-1.770
-0.083,0.090,1.016,-5.737,37.476,-1.160
-0.071,0.101,1.067,-5.005,37.476,-1.465
-0.030,0.144,1.100,-4.211,41.077,-0.671
-0.001,0.162,1.134,-2.991,45.593,-0.793
-0.005,0.166,1.125,-7.080,50.781,-6.165
-0.038,0.133,1.067,-12.329,58.044,-14.893
-0.089,0.078,0.959,-17.456,62.927,-21.301
-0.103,0.047,0.871,-23.560,61.340,-23.865
-0.118,0.009,0.807,-28.137,56.030,-23.437
-0.102,0.001,0.773,-31.860,47.546,-21.301

0.607,0.823,-1.959,-27.466,-12.207,-23.804
0.548,0.897,-2.561,-19.348,-72.449,-37.720
0.538,1.000,-3.165,-9.094,-156.128,-51.575
0.233,1.108,-3.310,-16.418,-264.343,-61.707
-0.281,1.250,-3.160,-37.354,-386.230,-71.106
-0.661,1.518,-2.642,-61.829,-493.286,-78.308
-1.002,1.607,-1.847,-91.980,-562.744,-95.154
-1.371,1.674,-1.250,-152.222,-603.943,-129.333
-1.652,1.725,-0.713,-226.013,-626.404,-169.983
-2.390,1.266,-0.187,-274.048,-639.282,-216.248
-3.083,0.696,0.462,-296.753,-660.400,-241.272
-3.402,0.427,1.467,-244.263,-684.021,-228.516
-3.740,-0.497,2.910,-151.123,-691.528,-214.417
-3.468,-0.466,3.967,-96.130,-644.775,-167.175
-2.911,-0.699,4.000,-3.540,-567.444,-123.779
-2.649,-0.820,4.000,34.607,-477.844,-133.301
-2.264,-1.004,4.000,64.636,-379.333,-124.695
-2.148,-0.708,4.000,49.500,-285.767,-93.018
-1.985,-0.409,4.000,72.693,-229.919,-50.720
-1.849,-0.182,3.716,104.492,-153.809,-44.434
-1.875,-0.219,3.074,112.366,-75.500,-65.613
-1.863,-0.369,2.729,114.441,-22.278,-79.468
-1.826,-0.523,2.495,110.413,21.667,-82.764
-1.733,-0.644,2.381,106.018,59.265,-82.458
-1.635,-0.772,2.413,113.037,85.938,-80.078
-1.518,-0.905,2.419,126.465,116.333,-73.547
-1.384,-0.976,2.301,134.155,154.602,-59.814
-1.261,-1.014,2.166,138.916,194.824,-43.091
-1.112,-0.970,2.088,146.057,230.286,-26.184
-0.980,-0.848,2.040,160.095,258.850,-5.676
-0.927,-0.699,1.982,172.485,287.231,5.798
-0.902,-0.564,1.857,184.631,318.054,12.024
-0.948,-0.523,1.726,187.317,350.830,11.230
-1.071,-0.576,1.600,186.401,381.348,7.019
-1.158,-0.624,1.437,194.458,417.419,3.113
-1.231,-0.590,1.241,191.589,458.069,3.540
-1.361,-0.585,1.001,189.087,491.638,6.348
-1.463,-0.587,0.769,191.528,511.780,6.775
-1.627,-0.581,0.609,193.176,516.113,8.667
-1.766,-0.556,0.404,199.646,512.817,13.977
-1.897,-0.398,0.067,220.642,491.150,25.696
-1.852,-0.234,-0.281,249.939,447.815,41.382
-1.680,0.036,-0.539,269.348,387.085,59.143
-1.432,0.240,-0.815,272.339,327.454,76.233
-1.135,0.338,-1.082,256.287,274.231,85.144
-0.856,0.321,-1.582,203.552,240.723,83.862
-0.646,0.130,-2.335,141.479,211.243,69.336
-0.407,-0.076,-3.099,96.313,143.005,56.030
-0.468,-0.410,-3.487,44.678,35.217,53.650
-0.694,-0.626,-3.304,-12.817,-87.402,68.787
-0.909,-0.555,-2.646,-62.317,-197.266,94.299
-1.097,-0.421,-2.121,-81.909,-288.818,121.582
-1.322,-0.287,-1.999,-104.126,-361.328,149.109
-1.446,-0.014,-1.901,-133.301,-434.448,170.105
-1.717,0.002,-1.555,-124.695,-509.583,180.908
-1.889,0.093,-0.961,-100.403,-581.970,182.373
-1.979,0.271,-0.213,-107.910,-631.714,179.810
-1.732,0.668,0.670,-138.062,-637.878,172.913
-1.690,0.880,1.196,-163.269,-597.961,144.104
-1.637,0.838,1.475,-224.609,-539.307,97.900
-1.562,0.753,1.880,-282.166,-494.507,69.397
-1.607,0.464,2.267,-281.067,-458.679,59.448
-1.467,0.297,2.685,-262.573,-427.490,56.763
-1.242,0.279,3.034,-244.629,-383.728,67.444
-1.137,0.223,3.297,-230.042,-332.336,100.525
-0.936,0.366,3.342,-237.366,-264.526,126.526
-0.756,0.632,3.185,-241.699,-199.341,146.484
-0.560,0.983,2.786,-217.407,-142.578,154.663
-0.378,1.097,2.314,-159.363,-109.558,137.329
-0.436,0.859,2.272,-107.910,-110.229,90.088
-0.471,0.600,2.140,-68.298,-88.013,56.824
-0.438,0.496,1.738,-63.965,-43.091,50.293
-0.369,0.467,1.401,-77.820,-13.733,49.133
-0.319,0.397,1.247,-76.538,-9.216,42.297
-0.299,0.313,1.268,-65.002,-16.235,35.217
-0.281,0.258,1.347,-60.486,-19.714,31.860
-0.247,0.260,1.395,-65.369,-16.174,30.762
-0.219,0.290,1.408,-68.481,-10.986,29.541
-0.204,0.306,1.454,-63.293,-6.226,26.428
-0.209,0.269,1.489,-54.138,-0.061,21.362
-0.216,0.218,1.464,-48.645,10.498,16.541
-0.228,0.173,1.394,-47.729,22.278,13.916
-0.273,0.103,1.323,-48.279,30.457,14.221
-0.249,0.084,1.265,-47.913,35.767,17.883
-0.249,0.060,1.220,-48.401,38.330,18.921
-0.239,0.050,1.155,-47.913,39.185,19.104
-0.230,0.061,1.097,-46.448,37.231,20.813
-0.219,0.080,1.075,-39.673,32.898,23.437
-0.209,0.114,1.066,-28.442,30.151,27.344
-0.185,0.164,1.087,-19.958,28.992,28.870
-0.223,0.171,1.088,-16.968,28.687,24.658
-0.252,0.165,1.058,-15.747,32.043,21.912
-0.247,0.173,1.008,-12.390,35.461,23.254
-0.247,0.190,0.986,-8.362,35.706,23.437
-0.254,0.193,0.945,-7.629,35.339,20.874
-0.249,0.202,0.916,-9.460,34.180,17.029
-0.242,0.208,0.924,-8.545,31.128,13.672
-0.238,0.213,0.948,-5.554,28.625,11.047
-0.236,0.205,0.984,-4.822,27.527,7.996
-0.242,0.179,1.007,-5.066,28.442,4.456
-0.244,0.154,1.017,-5.310,30.396,1.770
-0.260,0.113,1.009,-3.784,32.532,0.854
-0.253,0.092,0.990,-2.502,34.546,1.892
-0.251,0.073,0.964,-1.404,34.912,3.845
-0.250,0.068,0.945,-0.488,33.875,5.798
-0.236,0.079,0.923,1.892,31.860,7.751
-0.247,0.095,0.889,3.906,29.297,8.667
-0.221,0.110,0.868,5.798,27.100,10.376
-0.171,0.136,0.889,9.033,24.353,12.634
-0.146,0.154,0.905,7.812,21.423,10.925
-0.145,0.159,0.905,2.380,19.897,5.615
-0.124,0.161,0.912,0.305,19.897,1.831
-0.114,0.147,0.931,0.488,19.226,-1.404
-0.118,0.129,0.941,0.305,19.470,-4.089
-0.128,0.097,0.939,0.793,20.325,-6.714
-0.144,0.062,0.923,1.770,20.691,-8.667
-0.158,0.034,0.907,2.991,19.714,-8.972
-0.178,-0.001,0.900,4.883,17.578,-7.874
-0.177,-0.008,0.916,7.141,14.709,-5.127

